576;4;1;0
192;4;1;1
#0;0;1;2
#0;0;1;3
-288;-96;0;0
-288;-92;0;0
-288;-88;0;0
-288;-84;0;0
-288;-80;0;0
-288;-76;0;0
-288;-72;0;0
-288;-68;0;0
-288;-64;0;0
-288;-60;0;0
-288;-56;0;0
-288;-52;0;0
-288;-48;0;0
-288;-44;0;0
-288;-40;0;0
-288;-36;0;0
-288;-32;0;0
-288;-28;0;0
-288;-24;0;0
-288;-20;0;0
-288;-16;0;0
-288;-12;0;0
-288;-7.99999999999999;0;0
-288;-3.99999999999999;0;0
-288;1.38777878078145E-14;0;0
-288;3.99999999999999;0;0
-288;7.99999999999999;0;0
-288;12;0;0
-288;16;0;0
-288;20;0;0
-288;24;0;0
-288;28;0;0
-288;32;0;0
-288;36;0;0
-288;40;0;0
-288;44;0;0
-288;48;0;0
-288;52;0;0
-288;56;0;0
-288;60;0;0
-288;64;0;0
-288;68;0;0
-288;72;0;0
-288;76;0;0
-288;80;0;0
-288;84;0;0
-288;88;0;0
-288;92;0;0
-288;96;0;0
-284;-96;0;0
-284;-92;0;0
-284;-88;0;0
-284;-84;0;0
-284;-80;0;0
-284;-76;0;0
-284;-72;0;0
-284;-68;0;0
-284;-64;0;0
-284;-60;0;0
-284;-56;0;0
-284;-52;0;0
-284;-48;0;0
-284;-44;0;0
-284;-40;0;0
-284;-36;0;0
-284;-32;0;0
-284;-28;0;0
-284;-24;0;0
-284;-20;0;0
-284;-16;0;0
-284;-12;0;0
-284;-7.99999999999999;0;0
-284;-3.99999999999999;0;0
-284;1.38777878078145E-14;0;0
-284;3.99999999999999;0;0
-284;7.99999999999999;0;0
-284;12;0;0
-284;16;0;0
-284;20;0;0
-284;24;0;0
-284;28;0;0
-284;32;0;0
-284;36;0;0
-284;40;0;0
-284;44;0;0
-284;48;0;0
-284;52;0;0
-284;56;0;0
-284;60;0;0
-284;64;0;0
-284;68;0;0
-284;72;0;0
-284;76;0;0
-284;80;0;0
-284;84;0;0
-284;88;0;0
-284;92;0;0
-284;96;0;0
-280;-96;0;0
-280;-92;0;0
-280;-88;0;0
-280;-84;0;0
-280;-80;0;0
-280;-76;0;0
-280;-72;0;0
-280;-68;0;0
-280;-64;0;0
-280;-60;0;0
-280;-56;0;0
-280;-52;0;0
-280;-48;0;0
-280;-44;0;0
-280;-40;0;0
-280;-36;0;0
-280;-32;0;0
-280;-28;0;0
-280;-24;0;0
-280;-20;0;0
-280;-16;0;0
-280;-12;0;0
-280;-7.99999999999999;0;0
-280;-3.99999999999999;0;0
-280;1.38777878078145E-14;0;0
-280;3.99999999999999;0;0
-280;7.99999999999999;0;0
-280;12;0;0
-280;16;0;0
-280;20;0;0
-280;24;0;0
-280;28;0;0
-280;32;0;0
-280;36;0;0
-280;40;0;0
-280;44;0;0
-280;48;0;0
-280;52;0;0
-280;56;0;0
-280;60;0;0
-280;64;0;0
-280;68;0;0
-280;72;0;0
-280;76;0;0
-280;80;0;0
-280;84;0;0
-280;88;0;0
-280;92;0;0
-280;96;0;0
-276;-96;0;0
-276;-92;0;0
-276;-88;0;0
-276;-84;0;0
-276;-80;0;0
-276;-76;0;0
-276;-72;0;0
-276;-68;0;0
-276;-64;0;0
-276;-60;0;0
-276;-56;0;0
-276;-52;0;0
-276;-48;0;0
-276;-44;0;0
-276;-40;0;0
-276;-36;0;0
-276;-32;0;0
-276;-28;0;0
-276;-24;0;0
-276;-20;0;0
-276;-16;0;0
-276;-12;0;0
-276;-7.99999999999999;0;0
-276;-3.99999999999999;0;0
-276;1.38777878078145E-14;0;0
-276;3.99999999999999;0;0
-276;7.99999999999999;0;0
-276;12;0;0
-276;16;0;0
-276;20;0;0
-276;24;0;0
-276;28;0;0
-276;32;0;0
-276;36;0;0
-276;40;0;0
-276;44;0;0
-276;48;0;0
-276;52;0;0
-276;56;0;0
-276;60;0;0
-276;64;0;0
-276;68;0;0
-276;72;0;0
-276;76;0;0
-276;80;0;0
-276;84;0;0
-276;88;0;0
-276;92;0;0
-276;96;0;0
-272;-96;0;0
-272;-92;0;0
-272;-88;0;0
-272;-84;0;0
-272;-80;0;0
-272;-76;0;0
-272;-72;0;0
-272;-68;0;0
-272;-64;0;0
-272;-60;0;0
-272;-56;0;0
-272;-52;0;0
-272;-48;0;0
-272;-44;0;0
-272;-40;0;0
-272;-36;0;0
-272;-32;0;0
-272;-28;0;0
-272;-24;0;0
-272;-20;0;0
-272;-16;0;0
-272;-12;0;0
-272;-7.99999999999999;0;0
-272;-3.99999999999999;0;0
-272;1.38777878078145E-14;0;0
-272;3.99999999999999;0;0
-272;7.99999999999999;0;0
-272;12;0;0
-272;16;0;0
-272;20;0;0
-272;24;0;0
-272;28;0;0
-272;32;0;0
-272;36;0;0
-272;40;0;0
-272;44;0;0
-272;48;0;0
-272;52;0;0
-272;56;0;0
-272;60;0;0
-272;64;0;0
-272;68;0;0
-272;72;0;0
-272;76;0;0
-272;80;0;0
-272;84;0;0
-272;88;0;0
-272;92;0;0
-272;96;0;0
-268;-96;0;0
-268;-92;0;0
-268;-88;0;0
-268;-84;0;0
-268;-80;0;0
-268;-76;0;0
-268;-72;0;0
-268;-68;0;0
-268;-64;0;0
-268;-60;0;0
-268;-56;0;0
-268;-52;0;0
-268;-48;0;0
-268;-44;0;0
-268;-40;0;0
-268;-36;0;0
-268;-32;0;0
-268;-28;0;0
-268;-24;0;0
-268;-20;0;0
-268;-16;0;0
-268;-12;0;0
-268;-7.99999999999999;0;0
-268;-3.99999999999999;0;0
-268;1.38777878078145E-14;0;0
-268;3.99999999999999;0;0
-268;7.99999999999999;0;0
-268;12;0;0
-268;16;0;0
-268;20;0;0
-268;24;0;0
-268;28;0;0
-268;32;0;0
-268;36;0;0
-268;40;0;0
-268;44;0;0
-268;48;0;0
-268;52;0;0
-268;56;0;0
-268;60;0;0
-268;64;0;0
-268;68;0;0
-268;72;0;0
-268;76;0;0
-268;80;0;0
-268;84;0;0
-268;88;0;0
-268;92;0;0
-268;96;0;0
-264;-96;0;0
-264;-92;0;0
-264;-88;0;0
-264;-84;0;0
-264;-80;0;0
-264;-76;0;0
-264;-72;0;0
-264;-68;0;0
-264;-64;0;0
-264;-60;0;0
-264;-56;0;0
-264;-52;0;0
-264;-48;0;0
-264;-44;0;0
-264;-40;0;0
-264;-36;0;0
-264;-32;0;0
-264;-28;0;0
-264;-24;0;0
-264;-20;0;0
-264;-16;0;0
-264;-12;0;0
-264;-7.99999999999999;0;0
-264;-3.99999999999999;0;0
-264;1.38777878078145E-14;0;0
-264;3.99999999999999;0;0
-264;7.99999999999999;0;0
-264;12;0;0
-264;16;0;0
-264;20;0;0
-264;24;0;0
-264;28;0;0
-264;32;0;0
-264;36;0;0
-264;40;0;0
-264;44;0;0
-264;48;0;0
-264;52;0;0
-264;56;0;0
-264;60;0;0
-264;64;0;0
-264;68;0;0
-264;72;0;0
-264;76;0;0
-264;80;0;0
-264;84;0;0
-264;88;0;0
-264;92;0;0
-264;96;0;0
-260;-96;0;0
-260;-92;0;0
-260;-88;0;0
-260;-84;0;0
-260;-80;0;0
-260;-76;0;0
-260;-72;0;0
-260;-68;0;0
-260;-64;0;0
-260;-60;0;0
-260;-56;0;0
-260;-52;0;0
-260;-48;0;0
-260;-44;0;0
-260;-40;0;0
-260;-36;0;0
-260;-32;0;0
-260;-28;0;0
-260;-24;0;0
-260;-20;0;0
-260;-16;0;0
-260;-12;0;0
-260;-7.99999999999999;0;0
-260;-3.99999999999999;0;0
-260;1.38777878078145E-14;0;0
-260;3.99999999999999;0;0
-260;7.99999999999999;0;0
-260;12;0;0
-260;16;0;0
-260;20;0;0
-260;24;0;0
-260;28;0;0
-260;32;0;0
-260;36;0;0
-260;40;0;0
-260;44;0;0
-260;48;0;0
-260;52;0;0
-260;56;0;0
-260;60;0;0
-260;64;0;0
-260;68;0;0
-260;72;0;0
-260;76;0;0
-260;80;0;0
-260;84;0;0
-260;88;0;0
-260;92;0;0
-260;96;0;0
-256;-96;0;0
-256;-92;0;0
-256;-88;0;0
-256;-84;0;0
-256;-80;0;0
-256;-76;0;0
-256;-72;0;0
-256;-68;0;0
-256;-64;0;0
-256;-60;0;0
-256;-56;0;0
-256;-52;0;0
-256;-48;0;0
-256;-44;0;0
-256;-40;0;0
-256;-36;0;0
-256;-32;0;0
-256;-28;0;0
-256;-24;0;0
-256;-20;0;0
-256;-16;0;0
-256;-12;0;0
-256;-7.99999999999999;0;0
-256;-3.99999999999999;0;0
-256;1.38777878078145E-14;0;0
-256;3.99999999999999;0;0
-256;7.99999999999999;0;0
-256;12;0;0
-256;16;0;0
-256;20;0;0
-256;24;0;0
-256;28;0;0
-256;32;0;0
-256;36;0;0
-256;40;0;0
-256;44;0;0
-256;48;0;0
-256;52;0;0
-256;56;0;0
-256;60;0;0
-256;64;0;0
-256;68;0;0
-256;72;0;0
-256;76;0;0
-256;80;0;0
-256;84;0;0
-256;88;0;0
-256;92;0;0
-256;96;0;0
-252;-96;0;0
-252;-92;0;0
-252;-88;0;0
-252;-84;0;0
-252;-80;0;0
-252;-76;0;0
-252;-72;0;0
-252;-68;0;0
-252;-64;0;0
-252;-60;0;0
-252;-56;0;0
-252;-52;0;0
-252;-48;0;0
-252;-44;0;0
-252;-40;0;0
-252;-36;0;0
-252;-32;0;0
-252;-28;0;0
-252;-24;0;0
-252;-20;0;0
-252;-16;0;0
-252;-12;0;0
-252;-7.99999999999999;0;0
-252;-3.99999999999999;0;0
-252;1.38777878078145E-14;0;0
-252;3.99999999999999;0;0
-252;7.99999999999999;0;0
-252;12;0;0
-252;16;0;0
-252;20;0;0
-252;24;0;0
-252;28;0;0
-252;32;0;0
-252;36;0;0
-252;40;0;0
-252;44;0;0
-252;48;0;0
-252;52;0;0
-252;56;0;0
-252;60;0;0
-252;64;0;0
-252;68;0;0
-252;72;0;0
-252;76;0;0
-252;80;0;0
-252;84;0;0
-252;88;0;0
-252;92;0;0
-252;96;0;0
-248;-96;0;0
-248;-92;0;0
-248;-88;0;0
-248;-84;0;0
-248;-80;0;0
-248;-76;0;0
-248;-72;0;0
-248;-68;0;0
-248;-64;0;0
-248;-60;0;0
-248;-56;0;0
-248;-52;0;0
-248;-48;0;0
-248;-44;0;0
-248;-40;0;0
-248;-36;0;0
-248;-32;0;0
-248;-28;0;0
-248;-24;0;0
-248;-20;0;0
-248;-16;0;0
-248;-12;0;0
-248;-7.99999999999999;0;0
-248;-3.99999999999999;0;0
-248;1.38777878078145E-14;0;0
-248;3.99999999999999;0;0
-248;7.99999999999999;0;0
-248;12;0;0
-248;16;0;0
-248;20;0;0
-248;24;0;0
-248;28;0;0
-248;32;0;0
-248;36;0;0
-248;40;0;0
-248;44;0;0
-248;48;0;0
-248;52;0;0
-248;56;0;0
-248;60;0;0
-248;64;0;0
-248;68;0;0
-248;72;0;0
-248;76;0;0
-248;80;0;0
-248;84;0;0
-248;88;0;0
-248;92;0;0
-248;96;0;0
-244;-96;0;0
-244;-92;0;0
-244;-88;0;0
-244;-84;0;0
-244;-80;0;0
-244;-76;0;0
-244;-72;0;0
-244;-68;0;0
-244;-64;0;0
-244;-60;0;0
-244;-56;0;0
-244;-52;0;0
-244;-48;0;0
-244;-44;0;0
-244;-40;0;0
-244;-36;0;0
-244;-32;0;0
-244;-28;0;0
-244;-24;0;0
-244;-20;0;0
-244;-16;0;0
-244;-12;0;0
-244;-7.99999999999999;0;0
-244;-3.99999999999999;0;0
-244;1.38777878078145E-14;0;0
-244;3.99999999999999;0;0
-244;7.99999999999999;0;0
-244;12;0;0
-244;16;0;0
-244;20;0;0
-244;24;0;0
-244;28;0;0
-244;32;0;0
-244;36;0;0
-244;40;0;0
-244;44;0;0
-244;48;0;0
-244;52;0;0
-244;56;0;0
-244;60;0;0
-244;64;0;0
-244;68;0;0
-244;72;0;0
-244;76;0;0
-244;80;0;0
-244;84;0;0
-244;88;0;0
-244;92;0;0
-244;96;0;0
-240;-96;0;0
-240;-92;0;0
-240;-88;0;0
-240;-84;0;0
-240;-80;0;0
-240;-76;0;0
-240;-72;0;0
-240;-68;0;0
-240;-64;0;0
-240;-60;0;0
-240;-56;0;0
-240;-52;0;0
-240;-48;0;0
-240;-44;0;0
-240;-40;0;0
-240;-36;0;0
-240;-32;0;0
-240;-28;0;0
-240;-24;0;0
-240;-20;0;0
-240;-16;0;0
-240;-12;0;0
-240;-7.99999999999999;0;0
-240;-3.99999999999999;0;0
-240;1.38777878078145E-14;0;0
-240;3.99999999999999;0;0
-240;7.99999999999999;0;0
-240;12;0;0
-240;16;0;0
-240;20;0;0
-240;24;0;0
-240;28;0;0
-240;32;0;0
-240;36;0;0
-240;40;0;0
-240;44;0;0
-240;48;0;0
-240;52;0;0
-240;56;0;0
-240;60;0;0
-240;64;0;0
-240;68;0;0
-240;72;0;0
-240;76;0;0
-240;80;0;0
-240;84;0;0
-240;88;0;0
-240;92;0;0
-240;96;0;0
-236;-96;0;0
-236;-92;0;0
-236;-88;0;0
-236;-84;0;0
-236;-80;0;0
-236;-76;0;0
-236;-72;0;0
-236;-68;0;0
-236;-64;0;0
-236;-60;0;0
-236;-56;0;0
-236;-52;0;0
-236;-48;0;0
-236;-44;0;0
-236;-40;0;0
-236;-36;0;0
-236;-32;0;0
-236;-28;0;0
-236;-24;0;0
-236;-20;0;0
-236;-16;0;0
-236;-12;0;0
-236;-7.99999999999999;0;0
-236;-3.99999999999999;0;0
-236;1.38777878078145E-14;0;0
-236;3.99999999999999;0;0
-236;7.99999999999999;0;0
-236;12;0;0
-236;16;0;0
-236;20;0;0
-236;24;0;0
-236;28;0;0
-236;32;0;0
-236;36;0;0
-236;40;0;0
-236;44;0;0
-236;48;0;0
-236;52;0;0
-236;56;0;0
-236;60;0;0
-236;64;0;0
-236;68;0;0
-236;72;0;0
-236;76;0;0
-236;80;0;0
-236;84;0;0
-236;88;0;0
-236;92;0;0
-236;96;0;0
-232;-96;0;0
-232;-92;0;0
-232;-88;0;0
-232;-84;0;0
-232;-80;0;0
-232;-76;0;0
-232;-72;0;0
-232;-68;0;0
-232;-64;0;0
-232;-60;0;0
-232;-56;0;0
-232;-52;0;0
-232;-48;0;0
-232;-44;0;0
-232;-40;0;0
-232;-36;0;0
-232;-32;0;0
-232;-28;0;0
-232;-24;0;0
-232;-20;0;0
-232;-16;0;0
-232;-12;0;0
-232;-7.99999999999999;0;0
-232;-3.99999999999999;0;0
-232;1.38777878078145E-14;0;0
-232;3.99999999999999;0;0
-232;7.99999999999999;0;0
-232;12;0;0
-232;16;0;0
-232;20;0;0
-232;24;0;0
-232;28;0;0
-232;32;0;0
-232;36;0;0
-232;40;0;0
-232;44;0;0
-232;48;0;0
-232;52;0;0
-232;56;0;0
-232;60;0;0
-232;64;0;0
-232;68;0;0
-232;72;0;0
-232;76;0;0
-232;80;0;0
-232;84;0;0
-232;88;0;0
-232;92;0;0
-232;96;0;0
-228;-96;0;0
-228;-92;0;0
-228;-88;0;0
-228;-84;0;0
-228;-80;0;0
-228;-76;0;0
-228;-72;0;0
-228;-68;0;0
-228;-64;0;0
-228;-60;0;0
-228;-56;0;0
-228;-52;0;0
-228;-48;0;0
-228;-44;0;0
-228;-40;0;0
-228;-36;0;0
-228;-32;0;0
-228;-28;0;0
-228;-24;0;0
-228;-20;0;0
-228;-16;0;0
-228;-12;0;0
-228;-7.99999999999999;0;0
-228;-3.99999999999999;0;0
-228;1.38777878078145E-14;0;0
-228;3.99999999999999;0;0
-228;7.99999999999999;0;0
-228;12;0;0
-228;16;0;0
-228;20;0;0
-228;24;0;0
-228;28;0;0
-228;32;0;0
-228;36;0;0
-228;40;0;0
-228;44;0;0
-228;48;0;0
-228;52;0;0
-228;56;0;0
-228;60;0;0
-228;64;0;0
-228;68;0;0
-228;72;0;0
-228;76;0;0
-228;80;0;0
-228;84;0;0
-228;88;0;0
-228;92;0;0
-228;96;0;0
-224;-96;0;0
-224;-92;0;0
-224;-88;0;0
-224;-84;0;0
-224;-80;0;0
-224;-76;0;0
-224;-72;0;0
-224;-68;0;0
-224;-64;0;0
-224;-60;0;0
-224;-56;0;0
-224;-52;0;0
-224;-48;0;0
-224;-44;0;0
-224;-40;0;0
-224;-36;0;0
-224;-32;0;0
-224;-28;0;0
-224;-24;0;0
-224;-20;0;0
-224;-16;0;0
-224;-12;0;0
-224;-7.99999999999999;0;0
-224;-3.99999999999999;0;0
-224;1.38777878078145E-14;0;0
-224;3.99999999999999;0;0
-224;7.99999999999999;0;0
-224;12;0;0
-224;16;0;0
-224;20;0;0
-224;24;0;0
-224;28;0;0
-224;32;0;0
-224;36;0;0
-224;40;0;0
-224;44;0;0
-224;48;0;0
-224;52;0;0
-224;56;0;0
-224;60;0;0
-224;64;0;0
-224;68;0;0
-224;72;0;0
-224;76;0;0
-224;80;0;0
-224;84;0;0
-224;88;0;0
-224;92;0;0
-224;96;0;0
-220;-96;0;0
-220;-92;0;0
-220;-88;0;0
-220;-84;0;0
-220;-80;0;0
-220;-76;0;0
-220;-72;0;0
-220;-68;0;0
-220;-64;0;0
-220;-60;0;0
-220;-56;0;0
-220;-52;0;0
-220;-48;0;0
-220;-44;0;0
-220;-40;0;0
-220;-36;0;0
-220;-32;0;0
-220;-28;0;0
-220;-24;0;0
-220;-20;0;0
-220;-16;0;0
-220;-12;0;0
-220;-7.99999999999999;0;0
-220;-3.99999999999999;0;0
-220;1.38777878078145E-14;0;0
-220;3.99999999999999;0;0
-220;7.99999999999999;0;0
-220;12;0;0
-220;16;0;0
-220;20;0;0
-220;24;0;0
-220;28;0;0
-220;32;0;0
-220;36;0;0
-220;40;0;0
-220;44;0;0
-220;48;0;0
-220;52;0;0
-220;56;0;0
-220;60;0;0
-220;64;0;0
-220;68;0;0
-220;72;0;0
-220;76;0;0
-220;80;0;0
-220;84;0;0
-220;88;0;0
-220;92;0;0
-220;96;0;0
-216;-96;0;0
-216;-92;0;0
-216;-88;0;0
-216;-84;0;0
-216;-80;0;0
-216;-76;0;0
-216;-72;0;0
-216;-68;0;0
-216;-64;0;0
-216;-60;0;0
-216;-56;0;0
-216;-52;0;0
-216;-48;0;0
-216;-44;0;0
-216;-40;0;0
-216;-36;0;0
-216;-32;0;0
-216;-28;0;0
-216;-24;0;0
-216;-20;0;0
-216;-16;0;0
-216;-12;0;0
-216;-7.99999999999999;0;0
-216;-3.99999999999999;0;0
-216;1.38777878078145E-14;0;0
-216;3.99999999999999;0;0
-216;7.99999999999999;0;0
-216;12;0;0
-216;16;0;0
-216;20;0;0
-216;24;0;0
-216;28;0;0
-216;32;0;0
-216;36;0;0
-216;40;0;0
-216;44;0;0
-216;48;0;0
-216;52;0;0
-216;56;0;0
-216;60;0;0
-216;64;0;0
-216;68;0;0
-216;72;0;0
-216;76;0;0
-216;80;0;0
-216;84;0;0
-216;88;0;0
-216;92;0;0
-216;96;0;0
-212;-96;0;0
-212;-92;0;0
-212;-88;0;0
-212;-84;0;0
-212;-80;0;0
-212;-76;0;0
-212;-72;0;0
-212;-68;0;0
-212;-64;0;0
-212;-60;0;0
-212;-56;0;0
-212;-52;0;0
-212;-48;0;0
-212;-44;0;0
-212;-40;0;0
-212;-36;0;0
-212;-32;0;0
-212;-28;0;0
-212;-24;0;0
-212;-20;0;0
-212;-16;0;0
-212;-12;0;0
-212;-7.99999999999999;0;0
-212;-3.99999999999999;0;0
-212;1.38777878078145E-14;0;0
-212;3.99999999999999;0;0
-212;7.99999999999999;0;0
-212;12;0;0
-212;16;0;0
-212;20;0;0
-212;24;0;0
-212;28;0;0
-212;32;0;0
-212;36;0;0
-212;40;0;0
-212;44;0;0
-212;48;0;0
-212;52;0;0
-212;56;0;0
-212;60;0;0
-212;64;0;0
-212;68;0;0
-212;72;0;0
-212;76;0;0
-212;80;0;0
-212;84;0;0
-212;88;0;0
-212;92;0;0
-212;96;0;0
-208;-96;0;0
-208;-92;0;0
-208;-88;0;0
-208;-84;0;0
-208;-80;0;0
-208;-76;0;0
-208;-72;0;0
-208;-68;0;0
-208;-64;0;0
-208;-60;0;0
-208;-56;0;0
-208;-52;0;0
-208;-48;0;0
-208;-44;0;0
-208;-40;0;0
-208;-36;0;0
-208;-32;0;0
-208;-28;0;0
-208;-24;0;0
-208;-20;0;0
-208;-16;0;0
-208;-12;0;0
-208;-7.99999999999999;0;0
-208;-3.99999999999999;0;0
-208;1.38777878078145E-14;0;0
-208;3.99999999999999;0;0
-208;7.99999999999999;0;0
-208;12;0;0
-208;16;0;0
-208;20;0;0
-208;24;0;0
-208;28;0;0
-208;32;0;0
-208;36;0;0
-208;40;0;0
-208;44;0;0
-208;48;0;0
-208;52;0;0
-208;56;0;0
-208;60;0;0
-208;64;0;0
-208;68;0;0
-208;72;0;0
-208;76;0;0
-208;80;0;0
-208;84;0;0
-208;88;0;0
-208;92;0;0
-208;96;0;0
-204;-96;0;0
-204;-92;0;0
-204;-88;0;0
-204;-84;0;0
-204;-80;0;0
-204;-76;0;0
-204;-72;0;0
-204;-68;0;0
-204;-64;0;0
-204;-60;0;0
-204;-56;0;0
-204;-52;0;0
-204;-48;0;0
-204;-44;0;0
-204;-40;0;0
-204;-36;0;0
-204;-32;0;0
-204;-28;0;0
-204;-24;0;0
-204;-20;0;0
-204;-16;0;0
-204;-12;0;0
-204;-7.99999999999999;0;0
-204;-3.99999999999999;0;0
-204;1.38777878078145E-14;0;0
-204;3.99999999999999;0;0
-204;7.99999999999999;0;0
-204;12;0;0
-204;16;0;0
-204;20;0;0
-204;24;0;0
-204;28;0;0
-204;32;0;0
-204;36;0;0
-204;40;0;0
-204;44;0;0
-204;48;0;0
-204;52;0;0
-204;56;0;0
-204;60;0;0
-204;64;0;0
-204;68;0;0
-204;72;0;0
-204;76;0;0
-204;80;0;0
-204;84;0;0
-204;88;0;0
-204;92;0;0
-204;96;0;0
-200;-96;0;0
-200;-92;0;0
-200;-88;0;0
-200;-84;0;0
-200;-80;0;0
-200;-76;0;0
-200;-72;0;0
-200;-68;0;0
-200;-64;0;0
-200;-60;0;0
-200;-56;0;0
-200;-52;0;0
-200;-48;0;0
-200;-44;0;0
-200;-40;0;0
-200;-36;0;0
-200;-32;0;0
-200;-28;0;0
-200;-24;0;0
-200;-20;0;0
-200;-16;0;0
-200;-12;0;0
-200;-7.99999999999999;0;0
-200;-3.99999999999999;0;0
-200;1.38777878078145E-14;0;0
-200;3.99999999999999;0;0
-200;7.99999999999999;0;0
-200;12;0;0
-200;16;0;0
-200;20;0;0
-200;24;0;0
-200;28;0;0
-200;32;0;0
-200;36;0;0
-200;40;0;0
-200;44;0;0
-200;48;0;0
-200;52;0;0
-200;56;0;0
-200;60;0;0
-200;64;0;0
-200;68;0;0
-200;72;0;0
-200;76;0;0
-200;80;0;0
-200;84;0;0
-200;88;0;0
-200;92;0;0
-200;96;0;0
-196;-96;0;0
-196;-92;0;0
-196;-88;0;0
-196;-84;0;0
-196;-80;0;0
-196;-76;0;0
-196;-72;0;0
-196;-68;0;0
-196;-64;0;0
-196;-60;0;0
-196;-56;0;0
-196;-52;0;0
-196;-48;0;0
-196;-44;0;0
-196;-40;0;0
-196;-36;0;0
-196;-32;0;0
-196;-28;0;0
-196;-24;0;0
-196;-20;0;0
-196;-16;0;0
-196;-12;0;0
-196;-7.99999999999999;0;0
-196;-3.99999999999999;0;0
-196;1.38777878078145E-14;0;0
-196;3.99999999999999;0;0
-196;7.99999999999999;0;0
-196;12;0;0
-196;16;0;0
-196;20;0;0
-196;24;0;0
-196;28;0;0
-196;32;0;0
-196;36;0;0
-196;40;0;0
-196;44;0;0
-196;48;0;0
-196;52;0;0
-196;56;0;0
-196;60;0;0
-196;64;0;0
-196;68;0;0
-196;72;0;0
-196;76;0;0
-196;80;0;0
-196;84;0;0
-196;88;0;0
-196;92;0;0
-196;96;0;0
-192;-96;0;0
-192;-92;0;0
-192;-88;0;0
-192;-84;0;0
-192;-80;0;0
-192;-76;0;0
-192;-72;0;0
-192;-68;0;0
-192;-64;0;0
-192;-60;0;0
-192;-56;0;0
-192;-52;0;0
-192;-48;0;0
-192;-44;0;0
-192;-40;0;0
-192;-36;0;0
-192;-32;0;0
-192;-28;0;0
-192;-24;0;0
-192;-20;0;0
-192;-16;0;0
-192;-12;0;0
-192;-7.99999999999999;0;0
-192;-3.99999999999999;0;0
-192;1.38777878078145E-14;0;0
-192;3.99999999999999;0;0
-192;7.99999999999999;0;0
-192;12;0;0
-192;16;0;0
-192;20;0;0
-192;24;0;0
-192;28;0;0
-192;32;0;0
-192;36;0;0
-192;40;0;0
-192;44;0;0
-192;48;0;0
-192;52;0;0
-192;56;0;0
-192;60;0;0
-192;64;0;0
-192;68;0;0
-192;72;0;0
-192;76;0;0
-192;80;0;0
-192;84;0;0
-192;88;0;0
-192;92;0;0
-192;96;0;0
-188;-96;0;0
-188;-92;0;0
-188;-88;0;0
-188;-84;0;0
-188;-80;0;0
-188;-76;0;0
-188;-72;0;0
-188;-68;0;0
-188;-64;0;0
-188;-60;0;0
-188;-56;0;0
-188;-52;0;0
-188;-48;0;0
-188;-44;0;0
-188;-40;0;0
-188;-36;0;0
-188;-32;0;0
-188;-28;0;0
-188;-24;0;0
-188;-20;0;0
-188;-16;0;0
-188;-12;0;0
-188;-7.99999999999999;0;0
-188;-3.99999999999999;0;0
-188;1.38777878078145E-14;0;0
-188;3.99999999999999;0;0
-188;7.99999999999999;0;0
-188;12;0;0
-188;16;0;0
-188;20;0;0
-188;24;0;0
-188;28;0;0
-188;32;0;0
-188;36;0;0
-188;40;0;0
-188;44;0;0
-188;48;0;0
-188;52;0;0
-188;56;0;0
-188;60;0;0
-188;64;0;0
-188;68;0;0
-188;72;0;0
-188;76;0;0
-188;80;0;0
-188;84;0;0
-188;88;0;0
-188;92;0;0
-188;96;0;0
-184;-96;0;0
-184;-92;0;0
-184;-88;0;0
-184;-84;0;0
-184;-80;0;0
-184;-76;0;0
-184;-72;0;0
-184;-68;0;0
-184;-64;0;0
-184;-60;0;0
-184;-56;0;0
-184;-52;0;0
-184;-48;0;0
-184;-44;0;0
-184;-40;0;0
-184;-36;0;0
-184;-32;0;0
-184;-28;0;0
-184;-24;0;0
-184;-20;0;0
-184;-16;0;0
-184;-12;0;0
-184;-7.99999999999999;0;0
-184;-3.99999999999999;0;0
-184;1.38777878078145E-14;0;0
-184;3.99999999999999;0;0
-184;7.99999999999999;0;0
-184;12;0;0
-184;16;0;0
-184;20;0;0
-184;24;0;0
-184;28;0;0
-184;32;0;0
-184;36;0;0
-184;40;0;0
-184;44;0;0
-184;48;0;0
-184;52;0;0
-184;56;0;0
-184;60;0;0
-184;64;0;0
-184;68;0;0
-184;72;0;0
-184;76;0;0
-184;80;0;0
-184;84;0;0
-184;88;0;0
-184;92;0;0
-184;96;0;0
-180;-96;0;0
-180;-92;0;0
-180;-88;0;0
-180;-84;0;0
-180;-80;0;0
-180;-76;0;0
-180;-72;0;0
-180;-68;0;0
-180;-64;0;0
-180;-60;0;0
-180;-56;0;0
-180;-52;0;0
-180;-48;0;0
-180;-44;0;0
-180;-40;0;0
-180;-36;0;0
-180;-32;0;0
-180;-28;0;0
-180;-24;0;0
-180;-20;0;0
-180;-16;0;0
-180;-12;0;0
-180;-7.99999999999999;0;0
-180;-3.99999999999999;0;0
-180;1.38777878078145E-14;0;0
-180;3.99999999999999;0;0
-180;7.99999999999999;0;0
-180;12;0;0
-180;16;0;0
-180;20;0;0
-180;24;0;0
-180;28;0;0
-180;32;0;0
-180;36;0;0
-180;40;0;0
-180;44;0;0
-180;48;0;0
-180;52;0;0
-180;56;0;0
-180;60;0;0
-180;64;0;0
-180;68;0;0
-180;72;0;0
-180;76;0;0
-180;80;0;0
-180;84;0;0
-180;88;0;0
-180;92;0;0
-180;96;0;0
-176;-96;0;0
-176;-92;0;0
-176;-88;0;0
-176;-84;0;0
-176;-80;0;0
-176;-76;0;0
-176;-72;0;0
-176;-68;0;0
-176;-64;0;0
-176;-60;0;0
-176;-56;0;0
-176;-52;0;0
-176;-48;0;0
-176;-44;0;0
-176;-40;0;0
-176;-36;0;0
-176;-32;0;0
-176;-28;0;0
-176;-24;0;0
-176;-20;0;0
-176;-16;0;0
-176;-12;0;0
-176;-7.99999999999999;0;0
-176;-3.99999999999999;0;0
-176;1.38777878078145E-14;0;0
-176;3.99999999999999;0;0
-176;7.99999999999999;0;0
-176;12;0;0
-176;16;0;0
-176;20;0;0
-176;24;0;0
-176;28;0;0
-176;32;0;0
-176;36;0;0
-176;40;0;0
-176;44;0;0
-176;48;0;0
-176;52;0;0
-176;56;0;0
-176;60;0;0
-176;64;0;0
-176;68;0;0
-176;72;0;0
-176;76;0;0
-176;80;0;0
-176;84;0;0
-176;88;0;0
-176;92;0;0
-176;96;0;0
-172;-96;0;0
-172;-92;0;0
-172;-88;0;0
-172;-84;0;0
-172;-80;0;0
-172;-76;0;0
-172;-72;0;0
-172;-68;0;0
-172;-64;0;0
-172;-60;0;0
-172;-56;0;0
-172;-52;0;0
-172;-48;0;0
-172;-44;0;0
-172;-40;0;0
-172;-36;0;0
-172;-32;0;0
-172;-28;0;0
-172;-24;0;0
-172;-20;0;0
-172;-16;0;0
-172;-12;0;0
-172;-7.99999999999999;0;0
-172;-3.99999999999999;0;0
-172;1.38777878078145E-14;0;0
-172;3.99999999999999;0;0
-172;7.99999999999999;0;0
-172;12;0;0
-172;16;0;0
-172;20;0;0
-172;24;0;0
-172;28;0;0
-172;32;0;0
-172;36;0;0
-172;40;0;0
-172;44;0;0
-172;48;0;0
-172;52;0;0
-172;56;0;0
-172;60;0;0
-172;64;0;0
-172;68;0;0
-172;72;0;0
-172;76;0;0
-172;80;0;0
-172;84;0;0
-172;88;0;0
-172;92;0;0
-172;96;0;0
-168;-96;0;0
-168;-92;0;0
-168;-88;0;0
-168;-84;0;0
-168;-80;0;0
-168;-76;0;0
-168;-72;0;0
-168;-68;0;0
-168;-64;0;0
-168;-60;0;0
-168;-56;0;0
-168;-52;0;0
-168;-48;0;0
-168;-44;0;0
-168;-40;0;0
-168;-36;0;0
-168;-32;0;0
-168;-28;0;0
-168;-24;0;0
-168;-20;0;0
-168;-16;0;0
-168;-12;0;0
-168;-7.99999999999999;0;0
-168;-3.99999999999999;0;0
-168;1.38777878078145E-14;0;0
-168;3.99999999999999;0;0
-168;7.99999999999999;0;0
-168;12;0;0
-168;16;0;0
-168;20;0;0
-168;24;0;0
-168;28;0;0
-168;32;0;0
-168;36;0;0
-168;40;0;0
-168;44;0;0
-168;48;0;0
-168;52;0;0
-168;56;0;0
-168;60;0;0
-168;64;0;0
-168;68;0;0
-168;72;0;0
-168;76;0;0
-168;80;0;0
-168;84;0;0
-168;88;0;0
-168;92;0;0
-168;96;0;0
-164;-96;0;0
-164;-92;0;0
-164;-88;0;0
-164;-84;0;0
-164;-80;0;0
-164;-76;0;0
-164;-72;0;0
-164;-68;0;0
-164;-64;0;0
-164;-60;0;0
-164;-56;0;0
-164;-52;0;0
-164;-48;0;0
-164;-44;0;0
-164;-40;0;0
-164;-36;0;0
-164;-32;0;0
-164;-28;0;0
-164;-24;0;0
-164;-20;0;0
-164;-16;0;0
-164;-12;0;0
-164;-7.99999999999999;0;0
-164;-3.99999999999999;0;0
-164;1.38777878078145E-14;0;0
-164;3.99999999999999;0;0
-164;7.99999999999999;0;0
-164;12;0;0
-164;16;0;0
-164;20;0;0
-164;24;0;0
-164;28;0;0
-164;32;0;0
-164;36;0;0
-164;40;0;0
-164;44;0;0
-164;48;0;0
-164;52;0;0
-164;56;0;0
-164;60;0;0
-164;64;0;0
-164;68;0;0
-164;72;0;0
-164;76;0;0
-164;80;0;0
-164;84;0;0
-164;88;0;0
-164;92;0;0
-164;96;0;0
-160;-96;0;0
-160;-92;0;0
-160;-88;0;0
-160;-84;0;0
-160;-80;0;0
-160;-76;0;0
-160;-72;0;0
-160;-68;0;0
-160;-64;0;0
-160;-60;0;0
-160;-56;0;0
-160;-52;0;0
-160;-48;0;0
-160;-44;0;0
-160;-40;0;0
-160;-36;0;0
-160;-32;0;0
-160;-28;0;0
-160;-24;0;0
-160;-20;0;0
-160;-16;0;0
-160;-12;0;0
-160;-7.99999999999999;0;0
-160;-3.99999999999999;0;0
-160;1.38777878078145E-14;0;0
-160;3.99999999999999;0;0
-160;7.99999999999999;0;0
-160;12;0;0
-160;16;0;0
-160;20;0;0
-160;24;0;0
-160;28;0;0
-160;32;0;0
-160;36;0;0
-160;40;0;0
-160;44;0;0
-160;48;0;0
-160;52;0;0
-160;56;0;0
-160;60;0;0
-160;64;0;0
-160;68;0;0
-160;72;0;0
-160;76;0;0
-160;80;0;0
-160;84;0;0
-160;88;0;0
-160;92;0;0
-160;96;0;0
-156;-96;0;0
-156;-92;0;0
-156;-88;0;0
-156;-84;0;0
-156;-80;0;0
-156;-76;0;0
-156;-72;0;0
-156;-68;0;0
-156;-64;0;0
-156;-60;0;0
-156;-56;0;0
-156;-52;0;0
-156;-48;0;0
-156;-44;0;0
-156;-40;0;0
-156;-36;0;0
-156;-32;0;0
-156;-28;0;0
-156;-24;0;0
-156;-20;0;0
-156;-16;0;0
-156;-12;0;0
-156;-7.99999999999999;0;0
-156;-3.99999999999999;0;0
-156;1.38777878078145E-14;0;0
-156;3.99999999999999;0;0
-156;7.99999999999999;0;0
-156;12;0;0
-156;16;0;0
-156;20;0;0
-156;24;0;0
-156;28;0;0
-156;32;0;0
-156;36;0;0
-156;40;0;0
-156;44;0;0
-156;48;0;0
-156;52;0;0
-156;56;0;0
-156;60;0;0
-156;64;0;0
-156;68;0;0
-156;72;0;0
-156;76;0;0
-156;80;0;0
-156;84;0;0
-156;88;0;0
-156;92;0;0
-156;96;0;0
-152;-96;0;0
-152;-92;0;0
-152;-88;0;0
-152;-84;0;0
-152;-80;0;0
-152;-76;0;0
-152;-72;0;0
-152;-68;0;0
-152;-64;0;0
-152;-60;0;0
-152;-56;0;0
-152;-52;0;0
-152;-48;0;0
-152;-44;0;0
-152;-40;0;0
-152;-36;0;0
-152;-32;0;0
-152;-28;0;0
-152;-24;0;0
-152;-20;0;0
-152;-16;0;0
-152;-12;0;0
-152;-7.99999999999999;0;0
-152;-3.99999999999999;0;0
-152;1.38777878078145E-14;0;0
-152;3.99999999999999;0;0
-152;7.99999999999999;0;0
-152;12;0;0
-152;16;0;0
-152;20;0;0
-152;24;0;0
-152;28;0;0
-152;32;0;0
-152;36;0;0
-152;40;0;0
-152;44;0;0
-152;48;0;0
-152;52;0;0
-152;56;0;0
-152;60;0;0
-152;64;0;0
-152;68;0;0
-152;72;0;0
-152;76;0;0
-152;80;0;0
-152;84;0;0
-152;88;0;0
-152;92;0;0
-152;96;0;0
-148;-96;0;0
-148;-92;0;0
-148;-88;0;0
-148;-84;0;0
-148;-80;0;0
-148;-76;0;0
-148;-72;0;0
-148;-68;0;0
-148;-64;0;0
-148;-60;0;0
-148;-56;0;0
-148;-52;0;0
-148;-48;0;0
-148;-44;0;0
-148;-40;0;0
-148;-36;0;0
-148;-32;0;0
-148;-28;0;0
-148;-24;0;0
-148;-20;0;0
-148;-16;0;0
-148;-12;0;0
-148;-7.99999999999999;0;0
-148;-3.99999999999999;0;0
-148;1.38777878078145E-14;0;0
-148;3.99999999999999;0;0
-148;7.99999999999999;0;0
-148;12;0;0
-148;16;0;0
-148;20;0;0
-148;24;0;0
-148;28;0;0
-148;32;0;0
-148;36;0;0
-148;40;0;0
-148;44;0;0
-148;48;0;0
-148;52;0;0
-148;56;0;0
-148;60;0;0
-148;64;0;0
-148;68;0;0
-148;72;0;0
-148;76;0;0
-148;80;0;0
-148;84;0;0
-148;88;0;0
-148;92;0;0
-148;96;0;0
-144;-96;0;0
-144;-92;0;0
-144;-88;0;0
-144;-84;0;0
-144;-80;0;0
-144;-76;0;0
-144;-72;0;0
-144;-68;0;0
-144;-64;0;0
-144;-60;0;0
-144;-56;0;0
-144;-52;0;0
-144;-48;0;0
-144;-44;0;0
-144;-40;0;0
-144;-36;0;0
-144;-32;0;0
-144;-28;0;0
-144;-24;0;0
-144;-20;0;0
-144;-16;0;0
-144;-12;0;0
-144;-7.99999999999999;0;0
-144;-3.99999999999999;0;0
-144;1.38777878078145E-14;0;0
-144;3.99999999999999;0;0
-144;7.99999999999999;0;0
-144;12;0;0
-144;16;0;0
-144;20;0;0
-144;24;0;0
-144;28;0;0
-144;32;0;0
-144;36;0;0
-144;40;0;0
-144;44;0;0
-144;48;0;0
-144;52;0;0
-144;56;0;0
-144;60;0;0
-144;64;0;0
-144;68;0;0
-144;72;0;0
-144;76;0;0
-144;80;0;0
-144;84;0;0
-144;88;0;0
-144;92;0;0
-144;96;0;0
-140;-96;0;0
-140;-92;0;0
-140;-88;0;0
-140;-84;0;0
-140;-80;0;0
-140;-76;0;0
-140;-72;0;0
-140;-68;0;0
-140;-64;0;0
-140;-60;0;0
-140;-56;0;0
-140;-52;0;0
-140;-48;0;0
-140;-44;0;0
-140;-40;0;0
-140;-36;0;0
-140;-32;0;0
-140;-28;0;0
-140;-24;0;0
-140;-20;0;0
-140;-16;0;0
-140;-12;0;0
-140;-7.99999999999999;0;0
-140;-3.99999999999999;0;0
-140;1.38777878078145E-14;0;0
-140;3.99999999999999;0;0
-140;7.99999999999999;0;0
-140;12;0;0
-140;16;0;0
-140;20;0;0
-140;24;0;0
-140;28;0;0
-140;32;0;0
-140;36;0;0
-140;40;0;0
-140;44;0;0
-140;48;0;0
-140;52;0;0
-140;56;0;0
-140;60;0;0
-140;64;0;0
-140;68;0;0
-140;72;0;0
-140;76;0;0
-140;80;0;0
-140;84;0;0
-140;88;0;0
-140;92;0;0
-140;96;0;0
-136;-96;0;0
-136;-92;0;0
-136;-88;0;0
-136;-84;0;0
-136;-80;0;0
-136;-76;0;0
-136;-72;0;0
-136;-68;0;0
-136;-64;0;0
-136;-60;0;0
-136;-56;0;0
-136;-52;0;0
-136;-48;0;0
-136;-44;0;0
-136;-40;0;0
-136;-36;0;0
-136;-32;0;0
-136;-28;0;0
-136;-24;0;0
-136;-20;0;0
-136;-16;0;0
-136;-12;0;0
-136;-7.99999999999999;0;0
-136;-3.99999999999999;0;0
-136;1.38777878078145E-14;0;0
-136;3.99999999999999;0;0
-136;7.99999999999999;0;0
-136;12;0;0
-136;16;0;0
-136;20;0;0
-136;24;0;0
-136;28;0;0
-136;32;0;0
-136;36;0;0
-136;40;0;0
-136;44;0;0
-136;48;0;0
-136;52;0;0
-136;56;0;0
-136;60;0;0
-136;64;0;0
-136;68;0;0
-136;72;0;0
-136;76;0;0
-136;80;0;0
-136;84;0;0
-136;88;0;0
-136;92;0;0
-136;96;0;0
-132;-96;0;0
-132;-92;0;0
-132;-88;0;0
-132;-84;0;0
-132;-80;0;0
-132;-76;0;0
-132;-72;0;0
-132;-68;0;0
-132;-64;0;0
-132;-60;0;0
-132;-56;0;0
-132;-52;0;0
-132;-48;0;0
-132;-44;0;0
-132;-40;0;0
-132;-36;0;0
-132;-32;0;0
-132;-28;0;0
-132;-24;0;0
-132;-20;0;0
-132;-16;0;0
-132;-12;0;0
-132;-7.99999999999999;0;0
-132;-3.99999999999999;0;0
-132;1.38777878078145E-14;0;0
-132;3.99999999999999;0;0
-132;7.99999999999999;0;0
-132;12;0;0
-132;16;0;0
-132;20;0;0
-132;24;0;0
-132;28;0;0
-132;32;0;0
-132;36;0;0
-132;40;0;0
-132;44;0;0
-132;48;0;0
-132;52;0;0
-132;56;0;0
-132;60;0;0
-132;64;0;0
-132;68;0;0
-132;72;0;0
-132;76;0;0
-132;80;0;0
-132;84;0;0
-132;88;0;0
-132;92;0;0
-132;96;0;0
-128;-96;0;0
-128;-92;0;0
-128;-88;0;0
-128;-84;0;0
-128;-80;0;0
-128;-76;0;0
-128;-72;0;0
-128;-68;0;0
-128;-64;0;0
-128;-60;0;0
-128;-56;0;0
-128;-52;0;0
-128;-48;0;0
-128;-44;0;0
-128;-40;0;0
-128;-36;0;0
-128;-32;0;0
-128;-28;0;0
-128;-24;0;0
-128;-20;0;0
-128;-16;0;0
-128;-12;0;0
-128;-7.99999999999999;0;0
-128;-3.99999999999999;0;0
-128;1.38777878078145E-14;0;0
-128;3.99999999999999;0;0
-128;7.99999999999999;0;0
-128;12;0;0
-128;16;0;0
-128;20;0;0
-128;24;0;0
-128;28;0;0
-128;32;0;0
-128;36;0;0
-128;40;0;0
-128;44;0;0
-128;48;0;0
-128;52;0;0
-128;56;0;0
-128;60;0;0
-128;64;0;0
-128;68;0;0
-128;72;0;0
-128;76;0;0
-128;80;0;0
-128;84;0;0
-128;88;0;0
-128;92;0;0
-128;96;0;0
-124;-96;0;0
-124;-92;0;0
-124;-88;0;0
-124;-84;0;0
-124;-80;0;0
-124;-76;0;0
-124;-72;0;0
-124;-68;0;0
-124;-64;0;0
-124;-60;0;0
-124;-56;0;0
-124;-52;0;0
-124;-48;0;0
-124;-44;0;0
-124;-40;0;0
-124;-36;0;0
-124;-32;0;0
-124;-28;0;0
-124;-24;0;0
-124;-20;0;0
-124;-16;0;0
-124;-12;0;0
-124;-7.99999999999999;0;0
-124;-3.99999999999999;0;0
-124;1.38777878078145E-14;0;0
-124;3.99999999999999;0;0
-124;7.99999999999999;0;0
-124;12;0;0
-124;16;0;0
-124;20;0;0
-124;24;0;0
-124;28;0;0
-124;32;0;0
-124;36;0;0
-124;40;0;0
-124;44;0;0
-124;48;0;0
-124;52;0;0
-124;56;0;0
-124;60;0;0
-124;64;0;0
-124;68;0;0
-124;72;0;0
-124;76;0;0
-124;80;0;0
-124;84;0;0
-124;88;0;0
-124;92;0;0
-124;96;0;0
-120;-96;0;0
-120;-92;0;0
-120;-88;0;0
-120;-84;0;0
-120;-80;0;0
-120;-76;0;0
-120;-72;0;0
-120;-68;0;0
-120;-64;0;0
-120;-60;0;0
-120;-56;0;0
-120;-52;0;0
-120;-48;0;0
-120;-44;0;0
-120;-40;0;0
-120;-36;0;0
-120;-32;0;0
-120;-28;0;0
-120;-24;0;0
-120;-20;0;0
-120;-16;0;0
-120;-12;0;0
-120;-7.99999999999999;0;0
-120;-3.99999999999999;0;0
-120;1.38777878078145E-14;0;0
-120;3.99999999999999;0;0
-120;7.99999999999999;0;0
-120;12;0;0
-120;16;0;0
-120;20;0;0
-120;24;0;0
-120;28;0;0
-120;32;0;0
-120;36;0;0
-120;40;0;0
-120;44;0;0
-120;48;0;0
-120;52;0;0
-120;56;0;0
-120;60;0;0
-120;64;0;0
-120;68;0;0
-120;72;0;0
-120;76;0;0
-120;80;0;0
-120;84;0;0
-120;88;0;0
-120;92;0;0
-120;96;0;0
-116;-96;0;0
-116;-92;0;0
-116;-88;0;0
-116;-84;0;0
-116;-80;0;0
-116;-76;0;0
-116;-72;0;0
-116;-68;0;0
-116;-64;0;0
-116;-60;0;0
-116;-56;0;0
-116;-52;0;0
-116;-48;0;0
-116;-44;0;0
-116;-40;0;0
-116;-36;0;0
-116;-32;0;0
-116;-28;0;0
-116;-24;0;0
-116;-20;0;0
-116;-16;0;0
-116;-12;0;0
-116;-7.99999999999999;0;0
-116;-3.99999999999999;0;0
-116;1.38777878078145E-14;0;0
-116;3.99999999999999;0;0
-116;7.99999999999999;0;0
-116;12;0;0
-116;16;0;0
-116;20;0;0
-116;24;0;0
-116;28;0;0
-116;32;0;0
-116;36;0;0
-116;40;0;0
-116;44;0;0
-116;48;0;0
-116;52;0;0
-116;56;0;0
-116;60;0;0
-116;64;0;0
-116;68;0;0
-116;72;0;0
-116;76;0;0
-116;80;0;0
-116;84;0;0
-116;88;0;0
-116;92;0;0
-116;96;0;0
-112;-96;0;0
-112;-92;0;0
-112;-88;0;0
-112;-84;0;0
-112;-80;0;0
-112;-76;0;0
-112;-72;0;0
-112;-68;0;0
-112;-64;0;0
-112;-60;0;0
-112;-56;0;0
-112;-52;0;0
-112;-48;0;0
-112;-44;0;0
-112;-40;0;0
-112;-36;0;0
-112;-32;0;0
-112;-28;0;0
-112;-24;0;0
-112;-20;0;0
-112;-16;0;0
-112;-12;0;0
-112;-7.99999999999999;0;0
-112;-3.99999999999999;0;0
-112;1.38777878078145E-14;0;0
-112;3.99999999999999;0;0
-112;7.99999999999999;0;0
-112;12;0;0
-112;16;0;0
-112;20;0;0
-112;24;0;0
-112;28;0;0
-112;32;0;0
-112;36;0;0
-112;40;0;0
-112;44;0;0
-112;48;0;0
-112;52;0;0
-112;56;0;0
-112;60;0;0
-112;64;0;0
-112;68;0;0
-112;72;0;0
-112;76;0;0
-112;80;0;0
-112;84;0;0
-112;88;0;0
-112;92;0;0
-112;96;0;0
-108;-96;0;0
-108;-92;0;0
-108;-88;0;0
-108;-84;0;0
-108;-80;0;0
-108;-76;0;0
-108;-72;0;0
-108;-68;0;0
-108;-64;0;0
-108;-60;0;0
-108;-56;0;0
-108;-52;0;0
-108;-48;0;0
-108;-44;0;0
-108;-40;0;0
-108;-36;0;0
-108;-32;0;0
-108;-28;0;0
-108;-24;0;0
-108;-20;0;0
-108;-16;0;0
-108;-12;0;0
-108;-7.99999999999999;0;0
-108;-3.99999999999999;0;0
-108;1.38777878078145E-14;0;0
-108;3.99999999999999;0;0
-108;7.99999999999999;0;0
-108;12;0;0
-108;16;0;0
-108;20;0;0
-108;24;0;0
-108;28;0;0
-108;32;0;0
-108;36;0;0
-108;40;0;0
-108;44;0;0
-108;48;0;0
-108;52;0;0
-108;56;0;0
-108;60;0;0
-108;64;0;0
-108;68;0;0
-108;72;0;0
-108;76;0;0
-108;80;0;0
-108;84;0;0
-108;88;0;0
-108;92;0;0
-108;96;0;0
-104;-96;0;0
-104;-92;0;0
-104;-88;0;0
-104;-84;0;0
-104;-80;0;0
-104;-76;0;0
-104;-72;0;0
-104;-68;0;0
-104;-64;0;0
-104;-60;0;0
-104;-56;0;0
-104;-52;0;0
-104;-48;0;0
-104;-44;0;0
-104;-40;0;0
-104;-36;0;0
-104;-32;0;0
-104;-28;0;0
-104;-24;0;0
-104;-20;0;0
-104;-16;0;0
-104;-12;0;0
-104;-7.99999999999999;0;0
-104;-3.99999999999999;0;0
-104;1.38777878078145E-14;0;0
-104;3.99999999999999;0;0
-104;7.99999999999999;0;0
-104;12;0;0
-104;16;0;0
-104;20;0;0
-104;24;0;0
-104;28;0;0
-104;32;0;0
-104;36;0;0
-104;40;0;0
-104;44;0;0
-104;48;0;0
-104;52;0;0
-104;56;0;0
-104;60;0;0
-104;64;0;0
-104;68;0;0
-104;72;0;0
-104;76;0;0
-104;80;0;0
-104;84;0;0
-104;88;0;0
-104;92;0;0
-104;96;0;0
-100;-96;0;0
-100;-92;0;0
-100;-88;0;0
-100;-84;0;0
-100;-80;0;0
-100;-76;0;0
-100;-72;0;0
-100;-68;0;0
-100;-64;0;0
-100;-60;0;0
-100;-56;0;0
-100;-52;0;0
-100;-48;0;0
-100;-44;0;0
-100;-40;0;0
-100;-36;0;0
-100;-32;0;0
-100;-28;0;0
-100;-24;0;0
-100;-20;0;0
-100;-16;0;0
-100;-12;0;0
-100;-7.99999999999999;0;0
-100;-3.99999999999999;0;0
-100;1.38777878078145E-14;0;0
-100;3.99999999999999;0;0
-100;7.99999999999999;0;0
-100;12;0;0
-100;16;0;0
-100;20;0;0
-100;24;0;0
-100;28;0;0
-100;32;0;0
-100;36;0;0
-100;40;0;0
-100;44;0;0
-100;48;0;0
-100;52;0;0
-100;56;0;0
-100;60;0;0
-100;64;0;0
-100;68;0;0
-100;72;0;0
-100;76;0;0
-100;80;0;0
-100;84;0;0
-100;88;0;0
-100;92;0;0
-100;96;0;0
-96;-96;0;0
-96;-92;0;0
-96;-88;0;0
-96;-84;0;0
-96;-80;0;0
-96;-76;0;0
-96;-72;0;0
-96;-68;0;0
-96;-64;0;0
-96;-60;0;0
-96;-56;0;0
-96;-52;0;0
-96;-48;0;0
-96;-44;0;0
-96;-40;0;0
-96;-36;0;0
-96;-32;0;0
-96;-28;0;0
-96;-24;0;0
-96;-20;0;0
-96;-16;0;0
-96;-12;0;0
-96;-7.99999999999999;0;0
-96;-3.99999999999999;0;0
-96;1.38777878078145E-14;0;0
-96;3.99999999999999;0;0
-96;7.99999999999999;0;0
-96;12;0;0
-96;16;0;0
-96;20;0;0
-96;24;0;0
-96;28;0;0
-96;32;0;0
-96;36;0;0
-96;40;0;0
-96;44;0;0
-96;48;0;0
-96;52;0;0
-96;56;0;0
-96;60;0;0
-96;64;0;0
-96;68;0;0
-96;72;0;0
-96;76;0;0
-96;80;0;0
-96;84;0;0
-96;88;0;0
-96;92;0;0
-96;96;0;0
-92;-96;0;0
-92;-92;0;0
-92;-88;0;0
-92;-84;0;0
-92;-80;0;0
-92;-76;0;0
-92;-72;0;0
-92;-68;0;0
-92;-64;0;0
-92;-60;0;0
-92;-56;0;0
-92;-52;0;0
-92;-48;0;0
-92;-44;0;0
-92;-40;0;0
-92;-36;0;0
-92;-32;0;0
-92;-28;0;0
-92;-24;0;0
-92;-20;0;0
-92;-16;0;0
-92;-12;0;0
-92;-7.99999999999999;0;0
-92;-3.99999999999999;0;0
-92;1.38777878078145E-14;0;0
-92;3.99999999999999;0;0
-92;7.99999999999999;0;0
-92;12;0;0
-92;16;0;0
-92;20;0;0
-92;24;0;0
-92;28;0;0
-92;32;0;0
-92;36;0;0
-92;40;0;0
-92;44;0;0
-92;48;0;0
-92;52;0;0
-92;56;0;0
-92;60;0;0
-92;64;0;0
-92;68;0;0
-92;72;0;0
-92;76;0;0
-92;80;0;0
-92;84;0;0
-92;88;0;0
-92;92;0;0
-92;96;0;0
-88;-96;0;0
-88;-92;0;0
-88;-88;0;0
-88;-84;0;0
-88;-80;0;0
-88;-76;0;0
-88;-72;0;0
-88;-68;0;0
-88;-64;0;0
-88;-60;0;0
-88;-56;0;0
-88;-52;0;0
-88;-48;0;0
-88;-44;0;0
-88;-40;0;0
-88;-36;0;0
-88;-32;0;0
-88;-28;0;0
-88;-24;0;0
-88;-20;0;0
-88;-16;0;0
-88;-12;0;0
-88;-7.99999999999999;0;0
-88;-3.99999999999999;0;0
-88;1.38777878078145E-14;0;0
-88;3.99999999999999;0;0
-88;7.99999999999999;0;0
-88;12;0;0
-88;16;0;0
-88;20;0;0
-88;24;0;0
-88;28;0;0
-88;32;0;0
-88;36;0;0
-88;40;0;0
-88;44;0;0
-88;48;0;0
-88;52;0;0
-88;56;0;0
-88;60;0;0
-88;64;0;0
-88;68;0;0
-88;72;0;0
-88;76;0;0
-88;80;0;0
-88;84;0;0
-88;88;0;0
-88;92;0;0
-88;96;0;0
-84;-96;0;0
-84;-92;0;0
-84;-88;0;0
-84;-84;0;0
-84;-80;0;0
-84;-76;0;0
-84;-72;0;0
-84;-68;0;0
-84;-64;0;0
-84;-60;0;0
-84;-56;0;0
-84;-52;0;0
-84;-48;0;0
-84;-44;0;0
-84;-40;0;0
-84;-36;0;0
-84;-32;0;0
-84;-28;0;0
-84;-24;0;0
-84;-20;0;0
-84;-16;0;0
-84;-12;0;0
-84;-7.99999999999999;0;0
-84;-3.99999999999999;0;0
-84;1.38777878078145E-14;0;0
-84;3.99999999999999;0;0
-84;7.99999999999999;0;0
-84;12;0;0
-84;16;0;0
-84;20;0;0
-84;24;0;0
-84;28;0;0
-84;32;0;0
-84;36;0;0
-84;40;0;0
-84;44;0;0
-84;48;0;0
-84;52;0;0
-84;56;0;0
-84;60;0;0
-84;64;0;0
-84;68;0;0
-84;72;0;0
-84;76;0;0
-84;80;0;0
-84;84;0;0
-84;88;0;0
-84;92;0;0
-84;96;0;0
-80;-96;0;0
-80;-92;0;0
-80;-88;0;0
-80;-84;0;0
-80;-80;0;0
-80;-76;0;0
-80;-72;0;0
-80;-68;0;0
-80;-64;0;0
-80;-60;0;0
-80;-56;0;0
-80;-52;0;0
-80;-48;0;0
-80;-44;0;0
-80;-40;0;0
-80;-36;0;0
-80;-32;0;0
-80;-28;0;0
-80;-24;0;0
-80;-20;0;0
-80;-16;0;0
-80;-12;0;0
-80;-7.99999999999999;0;0
-80;-3.99999999999999;0;0
-80;1.38777878078145E-14;0;0
-80;3.99999999999999;0;0
-80;7.99999999999999;0;0
-80;12;0;0
-80;16;0;0
-80;20;0;0
-80;24;0;0
-80;28;0;0
-80;32;0;0
-80;36;0;0
-80;40;0;0
-80;44;0;0
-80;48;0;0
-80;52;0;0
-80;56;0;0
-80;60;0;0
-80;64;0;0
-80;68;0;0
-80;72;0;0
-80;76;0;0
-80;80;0;0
-80;84;0;0
-80;88;0;0
-80;92;0;0
-80;96;0;0
-76;-96;0;0
-76;-92;0;0
-76;-88;0;0
-76;-84;0;0
-76;-80;0;0
-76;-76;0;0
-76;-72;0;0
-76;-68;0;0
-76;-64;0;0
-76;-60;0;0
-76;-56;0;0
-76;-52;0;0
-76;-48;0;0
-76;-44;0;0
-76;-40;0;0
-76;-36;0;0
-76;-32;0;0
-76;-28;0;0
-76;-24;0;0
-76;-20;0;0
-76;-16;0;0
-76;-12;0;0
-76;-7.99999999999999;0;0
-76;-3.99999999999999;0;0
-76;1.38777878078145E-14;0;0
-76;3.99999999999999;0;0
-76;7.99999999999999;0;0
-76;12;0;0
-76;16;0;0
-76;20;0;0
-76;24;0;0
-76;28;0;0
-76;32;0;0
-76;36;0;0
-76;40;0;0
-76;44;0;0
-76;48;0;0
-76;52;0;0
-76;56;0;0
-76;60;0;0
-76;64;0;0
-76;68;0;0
-76;72;0;0
-76;76;0;0
-76;80;0;0
-76;84;0;0
-76;88;0;0
-76;92;0;0
-76;96;0;0
-72;-96;0;0
-72;-92;0;0
-72;-88;0;0
-72;-84;0;0
-72;-80;0;0
-72;-76;0;0
-72;-72;0;0
-72;-68;0;0
-72;-64;0;0
-72;-60;0;0
-72;-56;0;0
-72;-52;0;0
-72;-48;0;0
-72;-44;0;0
-72;-40;0;0
-72;-36;0;0
-72;-32;0;0
-72;-28;0;0
-72;-24;0;0
-72;-20;0;0
-72;-16;0;0
-72;-12;0;0
-72;-7.99999999999999;0;0
-72;-3.99999999999999;0;0
-72;1.38777878078145E-14;0;0
-72;3.99999999999999;0;0
-72;7.99999999999999;0;0
-72;12;0;0
-72;16;0;0
-72;20;0;0
-72;24;0;0
-72;28;0;0
-72;32;0;0
-72;36;0;0
-72;40;0;0
-72;44;0;0
-72;48;0;0
-72;52;0;0
-72;56;0;0
-72;60;0;0
-72;64;0;0
-72;68;0;0
-72;72;0;0
-72;76;0;0
-72;80;0;0
-72;84;0;0
-72;88;0;0
-72;92;0;0
-72;96;0;0
-68;-96;0;0
-68;-92;0;0
-68;-88;0;0
-68;-84;0;0
-68;-80;0;0
-68;-76;0;0
-68;-72;0;0
-68;-68;0;0
-68;-64;0;0
-68;-60;0;0
-68;-56;0;0
-68;-52;0;0
-68;-48;0;0
-68;-44;0;0
-68;-40;0;0
-68;-36;0;0
-68;-32;0;0
-68;-28;0;0
-68;-24;0;0
-68;-20;0;0
-68;-16;0;0
-68;-12;0;0
-68;-7.99999999999999;0;0
-68;-3.99999999999999;0;0
-68;1.38777878078145E-14;0;0
-68;3.99999999999999;0;0
-68;7.99999999999999;0;0
-68;12;0;0
-68;16;0;0
-68;20;0;0
-68;24;0;0
-68;28;0;0
-68;32;0;0
-68;36;0;0
-68;40;0;0
-68;44;0;0
-68;48;0;0
-68;52;0;0
-68;56;0;0
-68;60;0;0
-68;64;0;0
-68;68;0;0
-68;72;0;0
-68;76;0;0
-68;80;0;0
-68;84;0;0
-68;88;0;0
-68;92;0;0
-68;96;0;0
-64;-96;0;0
-64;-92;0;0
-64;-88;0;0
-64;-84;0;0
-64;-80;0;0
-64;-76;0;0
-64;-72;0;0
-64;-68;0;0
-64;-64;0;0
-64;-60;0;0
-64;-56;0;0
-64;-52;0;0
-64;-48;0;0
-64;-44;0;0
-64;-40;0;0
-64;-36;0;0
-64;-32;0;0
-64;-28;0;0
-64;-24;0;0
-64;-20;0;0
-64;-16;0;0
-64;-12;0;0
-64;-7.99999999999999;0;0
-64;-3.99999999999999;0;0
-64;1.38777878078145E-14;0;0
-64;3.99999999999999;0;0
-64;7.99999999999999;0;0
-64;12;0;0
-64;16;0;0
-64;20;0;0
-64;24;0;0
-64;28;0;0
-64;32;0;0
-64;36;0;0
-64;40;0;0
-64;44;0;0
-64;48;0;0
-64;52;0;0
-64;56;0;0
-64;60;0;0
-64;64;0;0
-64;68;0;0
-64;72;0;0
-64;76;0;0
-64;80;0;0
-64;84;0;0
-64;88;0;0
-64;92;0;0
-64;96;0;0
-60;-96;0;0
-60;-92;0;0
-60;-88;0;0
-60;-84;0;0
-60;-80;0;0
-60;-76;0;0
-60;-72;0;0
-60;-68;0;0
-60;-64;0;0
-60;-60;0;0
-60;-56;0;0
-60;-52;0;0
-60;-48;0;0
-60;-44;0;0
-60;-40;0;0
-60;-36;0;0
-60;-32;0;0
-60;-28;0;0
-60;-24;0;0
-60;-20;0;0
-60;-16;0;0
-60;-12;0;0
-60;-7.99999999999999;0;0
-60;-3.99999999999999;0;0
-60;1.38777878078145E-14;0;0
-60;3.99999999999999;0;0
-60;7.99999999999999;0;0
-60;12;0;0
-60;16;0;0
-60;20;0;0
-60;24;0;0
-60;28;0;0
-60;32;0;0
-60;36;0;0
-60;40;0;0
-60;44;0;0
-60;48;0;0
-60;52;0;0
-60;56;0;0
-60;60;0;0
-60;64;0;0
-60;68;0;0
-60;72;0;0
-60;76;0;0
-60;80;0;0
-60;84;0;0
-60;88;0;0
-60;92;0;0
-60;96;0;0
-56;-96;0;0
-56;-92;0;0
-56;-88;0;0
-56;-84;0;0
-56;-80;0;0
-56;-76;0;0
-56;-72;0;0
-56;-68;0;0
-56;-64;0;0
-56;-60;0;0
-56;-56;0;0
-56;-52;0;0
-56;-48;0;0
-56;-44;0;0
-56;-40;0;0
-56;-36;0;0
-56;-32;0;0
-56;-28;0;0
-56;-24;0;0
-56;-20;0;0
-56;-16;0;0
-56;-12;0;0
-56;-7.99999999999999;0;0
-56;-3.99999999999999;0;0
-56;1.38777878078145E-14;0;0
-56;3.99999999999999;0;0
-56;7.99999999999999;0;0
-56;12;0;0
-56;16;0;0
-56;20;0;0
-56;24;0;0
-56;28;0;0
-56;32;0;0
-56;36;0;0
-56;40;0;0
-56;44;0;0
-56;48;0;0
-56;52;0;0
-56;56;0;0
-56;60;0;0
-56;64;0;0
-56;68;0;0
-56;72;0;0
-56;76;0;0
-56;80;0;0
-56;84;0;0
-56;88;0;0
-56;92;0;0
-56;96;0;0
-52;-96;0;0
-52;-92;0;0
-52;-88;0;0
-52;-84;0;0
-52;-80;0;0
-52;-76;0;0
-52;-72;0;0
-52;-68;0;0
-52;-64;0;0
-52;-60;0;0
-52;-56;0;0
-52;-52;0;0
-52;-48;0;0
-52;-44;0;0
-52;-40;0;0
-52;-36;0;0
-52;-32;0;0
-52;-28;0;0
-52;-24;0;0
-52;-20;0;0
-52;-16;0;0
-52;-12;0;0
-52;-7.99999999999999;0;0
-52;-3.99999999999999;0;0
-52;1.38777878078145E-14;0;0
-52;3.99999999999999;0;0
-52;7.99999999999999;0;0
-52;12;0;0
-52;16;0;0
-52;20;0;0
-52;24;0;0
-52;28;0;0
-52;32;0;0
-52;36;0;0
-52;40;0;0
-52;44;0;0
-52;48;0;0
-52;52;0;0
-52;56;0;0
-52;60;0;0
-52;64;0;0
-52;68;0;0
-52;72;0;0
-52;76;0;0
-52;80;0;0
-52;84;0;0
-52;88;0;0
-52;92;0;0
-52;96;0;0
-48;-96;0;0
-48;-92;0;0
-48;-88;0;0
-48;-84;0;0
-48;-80;0;0
-48;-76;0;0
-48;-72;0;0
-48;-68;0;0
-48;-64;0;0
-48;-60;0;0
-48;-56;0;0
-48;-52;0;0
-48;-48;0;0
-48;-44;0;0
-48;-40;0;0
-48;-36;0;0
-48;-32;0;0
-48;-28;0;0
-48;-24;0;0
-48;-20;0;0
-48;-16;0;0
-48;-12;0;0
-48;-7.99999999999999;0;0
-48;-3.99999999999999;0;0
-48;1.38777878078145E-14;0;0
-48;3.99999999999999;0;0
-48;7.99999999999999;0;0
-48;12;0;0
-48;16;0;0
-48;20;0;0
-48;24;0;0
-48;28;0;0
-48;32;0;0
-48;36;0;0
-48;40;0;0
-48;44;0;0
-48;48;0;0
-48;52;0;0
-48;56;0;0
-48;60;0;0
-48;64;0;0
-48;68;0;0
-48;72;0;0
-48;76;0;0
-48;80;0;0
-48;84;0;0
-48;88;0;0
-48;92;0;0
-48;96;0;0
-44;-96;0;0
-44;-92;0;0
-44;-88;0;0
-44;-84;0;0
-44;-80;0;0
-44;-76;0;0
-44;-72;0;0
-44;-68;0;0
-44;-64;0;0
-44;-60;0;0
-44;-56;0;0
-44;-52;0;0
-44;-48;0;0
-44;-44;0;0
-44;-40;0;0
-44;-36;0;0
-44;-32;0;0
-44;-28;0;0
-44;-24;0;0
-44;-20;0;0
-44;-16;0;0
-44;-12;0;0
-44;-7.99999999999999;0;0
-44;-3.99999999999999;0;0
-44;1.38777878078145E-14;0;0
-44;3.99999999999999;0;0
-44;7.99999999999999;0;0
-44;12;0;0
-44;16;0;0
-44;20;0;0
-44;24;0;0
-44;28;0;0
-44;32;0;0
-44;36;0;0
-44;40;0;0
-44;44;0;0
-44;48;0;0
-44;52;0;0
-44;56;0;0
-44;60;0;0
-44;64;0;0
-44;68;0;0
-44;72;0;0
-44;76;0;0
-44;80;0;0
-44;84;0;0
-44;88;0;0
-44;92;0;0
-44;96;0;0
-40;-96;0;0
-40;-92;0;0
-40;-88;0;0
-40;-84;0;0
-40;-80;0;0
-40;-76;0;0
-40;-72;0;0
-40;-68;0;0
-40;-64;0;0
-40;-60;0;0
-40;-56;0;0
-40;-52;0;0
-40;-48;0;0
-40;-44;0;0
-40;-40;0;0
-40;-36;0;0
-40;-32;0;0
-40;-28;0;0
-40;-24;0;0
-40;-20;0;0
-40;-16;0;0
-40;-12;0;0
-40;-7.99999999999999;0;0
-40;-3.99999999999999;0;0
-40;1.38777878078145E-14;0;0
-40;3.99999999999999;0;0
-40;7.99999999999999;0;0
-40;12;0;0
-40;16;0;0
-40;20;0;0
-40;24;0;0
-40;28;0;0
-40;32;0;0
-40;36;0;0
-40;40;0;0
-40;44;0;0
-40;48;0;0
-40;52;0;0
-40;56;0;0
-40;60;0;0
-40;64;0;0
-40;68;0;0
-40;72;0;0
-40;76;0;0
-40;80;0;0
-40;84;0;0
-40;88;0;0
-40;92;0;0
-40;96;0;0
-36;-96;0;0
-36;-92;0;0
-36;-88;0;0
-36;-84;0;0
-36;-80;0;0
-36;-76;0;0
-36;-72;0;0
-36;-68;0;0
-36;-64;0;0
-36;-60;0;0
-36;-56;0;0
-36;-52;0;0
-36;-48;0;0
-36;-44;0;0
-36;-40;0;0
-36;-36;0;0
-36;-32;0;0
-36;-28;0;0
-36;-24;0;0
-36;-20;0;0
-36;-16;0;0
-36;-12;0;0
-36;-7.99999999999999;0;0
-36;-3.99999999999999;0;0
-36;1.38777878078145E-14;0;0
-36;3.99999999999999;0;0
-36;7.99999999999999;0;0
-36;12;0;0
-36;16;0;0
-36;20;0;0
-36;24;0;0
-36;28;0;0
-36;32;0;0
-36;36;0;0
-36;40;0;0
-36;44;0;0
-36;48;0;0
-36;52;0;0
-36;56;0;0
-36;60;0;0
-36;64;0;0
-36;68;0;0
-36;72;0;0
-36;76;0;0
-36;80;0;0
-36;84;0;0
-36;88;0;0
-36;92;0;0
-36;96;0;0
-32;-96;0;0
-32;-92;0;0
-32;-88;0;0
-32;-84;0;0
-32;-80;0;0
-32;-76;0;0
-32;-72;0;0
-32;-68;0;0
-32;-64;0;0
-32;-60;0;0
-32;-56;0;0
-32;-52;0;0
-32;-48;0;0
-32;-44;0;0
-32;-40;0;0
-32;-36;0;0
-32;-32;0;0
-32;-28;0;0
-32;-24;0;0
-32;-20;0;0
-32;-16;0;0
-32;-12;0;0
-32;-7.99999999999999;0;0
-32;-3.99999999999999;0;0
-32;1.38777878078145E-14;0;0
-32;3.99999999999999;0;0
-32;7.99999999999999;0;0
-32;12;0;0
-32;16;0;0
-32;20;0;0
-32;24;0;0
-32;28;0;0
-32;32;0;0
-32;36;0;0
-32;40;0;0
-32;44;0;0
-32;48;0;0
-32;52;0;0
-32;56;0;0
-32;60;0;0
-32;64;0;0
-32;68;0;0
-32;72;0;0
-32;76;0;0
-32;80;0;0
-32;84;0;0
-32;88;0;0
-32;92;0;0
-32;96;0;0
-28;-96;0;0
-28;-92;0;0
-28;-88;0;0
-28;-84;0;0
-28;-80;0;0
-28;-76;0;0
-28;-72;0;0
-28;-68;0;0
-28;-64;0;0
-28;-60;0;0
-28;-56;0;0
-28;-52;0;0
-28;-48;0;0
-28;-44;0;0
-28;-40;0;0
-28;-36;0;0
-28;-32;0;0
-28;-28;0;0
-28;-24;0;0
-28;-20;0;0
-28;-16;0;0
-28;-12;0;0
-28;-7.99999999999999;0;0
-28;-3.99999999999999;0;0
-28;1.38777878078145E-14;0;0
-28;3.99999999999999;0;0
-28;7.99999999999999;0;0
-28;12;0;0
-28;16;0;0
-28;20;0;0
-28;24;0;0
-28;28;0;0
-28;32;0;0
-28;36;0;0
-28;40;0;0
-28;44;0;0
-28;48;0;0
-28;52;0;0
-28;56;0;0
-28;60;0;0
-28;64;0;0
-28;68;0;0
-28;72;0;0
-28;76;0;0
-28;80;0;0
-28;84;0;0
-28;88;0;0
-28;92;0;0
-28;96;0;0
-24;-96;0;0
-24;-92;0;0
-24;-88;0;0
-24;-84;0;0
-24;-80;0;0
-24;-76;0;0
-24;-72;0;0
-24;-68;0;0
-24;-64;0;0
-24;-60;0;0
-24;-56;0;0
-24;-52;0;0
-24;-48;0;0
-24;-44;0;0
-24;-40;0;0
-24;-36;0;0
-24;-32;0;0
-24;-28;0;0
-24;-24;0;0
-24;-20;0;0
-24;-16;0;0
-24;-12;0;0
-24;-7.99999999999999;0;0
-24;-3.99999999999999;0;0
-24;1.38777878078145E-14;0;0
-24;3.99999999999999;0;0
-24;7.99999999999999;0;0
-24;12;0;0
-24;16;0;0
-24;20;0;0
-24;24;0;0
-24;28;0;0
-24;32;0;0
-24;36;0;0
-24;40;0;0
-24;44;0;0
-24;48;0;0
-24;52;0;0
-24;56;0;0
-24;60;0;0
-24;64;0;0
-24;68;0;0
-24;72;0;0
-24;76;0;0
-24;80;0;0
-24;84;0;0
-24;88;0;0
-24;92;0;0
-24;96;0;0
-20;-96;0;0
-20;-92;0;0
-20;-88;0;0
-20;-84;0;0
-20;-80;0;0
-20;-76;0;0
-20;-72;0;0
-20;-68;0;0
-20;-64;0;0
-20;-60;0;0
-20;-56;0;0
-20;-52;0;0
-20;-48;0;0
-20;-44;0;0
-20;-40;0;0
-20;-36;0;0
-20;-32;0;0
-20;-28;0;0
-20;-24;0;0
-20;-20;0;0
-20;-16;0;0
-20;-12;0;0
-20;-7.99999999999999;0;0
-20;-3.99999999999999;0;0
-20;1.38777878078145E-14;0;0
-20;3.99999999999999;0;0
-20;7.99999999999999;0;0
-20;12;0;0
-20;16;0;0
-20;20;0;0
-20;24;0;0
-20;28;0;0
-20;32;0;0
-20;36;0;0
-20;40;0;0
-20;44;0;0
-20;48;0;0
-20;52;0;0
-20;56;0;0
-20;60;0;0
-20;64;0;0
-20;68;0;0
-20;72;0;0
-20;76;0;0
-20;80;0;0
-20;84;0;0
-20;88;0;0
-20;92;0;0
-20;96;0;0
-16;-96;0;0
-16;-92;0;0
-16;-88;0;0
-16;-84;0;0
-16;-80;0;0
-16;-76;0;0
-16;-72;0;0
-16;-68;0;0
-16;-64;0;0
-16;-60;0;0
-16;-56;0;0
-16;-52;0;0
-16;-48;0;0
-16;-44;0;0
-16;-40;0;0
-16;-36;0;0
-16;-32;0;0
-16;-28;0;0
-16;-24;0;0
-16;-20;0;0
-16;-16;0;0
-16;-12;0;0
-16;-7.99999999999999;0;0
-16;-3.99999999999999;0;0
-16;1.38777878078145E-14;0;0
-16;3.99999999999999;0;0
-16;7.99999999999999;0;0
-16;12;0;0
-16;16;0;0
-16;20;0;0
-16;24;0;0
-16;28;0;0
-16;32;0;0
-16;36;0;0
-16;40;0;0
-16;44;0;0
-16;48;0;0
-16;52;0;0
-16;56;0;0
-16;60;0;0
-16;64;0;0
-16;68;0;0
-16;72;0;0
-16;76;0;0
-16;80;0;0
-16;84;0;0
-16;88;0;0
-16;92;0;0
-16;96;0;0
-12;-96;0;0
-12;-92;0;0
-12;-88;0;0
-12;-84;0;0
-12;-80;0;0
-12;-76;0;0
-12;-72;0;0
-12;-68;0;0
-12;-64;0;0
-12;-60;0;0
-12;-56;0;0
-12;-52;0;0
-12;-48;0;0
-12;-44;0;0
-12;-40;0;0
-12;-36;0;0
-12;-32;0;0
-12;-28;0;0
-12;-24;0;0
-12;-20;0;0
-12;-16;0;0
-12;-12;0;0
-12;-7.99999999999999;0;0
-12;-3.99999999999999;0;0
-12;1.38777878078145E-14;0;0
-12;3.99999999999999;0;0
-12;7.99999999999999;0;0
-12;12;0;0
-12;16;0;0
-12;20;0;0
-12;24;0;0
-12;28;0;0
-12;32;0;0
-12;36;0;0
-12;40;0;0
-12;44;0;0
-12;48;0;0
-12;52;0;0
-12;56;0;0
-12;60;0;0
-12;64;0;0
-12;68;0;0
-12;72;0;0
-12;76;0;0
-12;80;0;0
-12;84;0;0
-12;88;0;0
-12;92;0;0
-12;96;0;0
-7.99999999999995;-96;0;0
-7.99999999999995;-92;0;0
-7.99999999999995;-88;0;0
-7.99999999999995;-84;0;0
-7.99999999999995;-80;0;0
-7.99999999999995;-76;0;0
-7.99999999999995;-72;0;0
-7.99999999999995;-68;0;0
-7.99999999999995;-64;0;0
-7.99999999999995;-60;0;0
-7.99999999999995;-56;0;0
-7.99999999999995;-52;0;0
-7.99999999999995;-48;0;0
-7.99999999999995;-44;0;0
-7.99999999999995;-40;0;0
-7.99999999999995;-36;0;0
-7.99999999999995;-32;0;0
-7.99999999999995;-28;0;0
-7.99999999999995;-24;0;0
-7.99999999999995;-20;0;0
-7.99999999999995;-16;0;0
-7.99999999999995;-12;0;0
-7.99999999999995;-7.99999999999999;0;0
-7.99999999999995;-3.99999999999999;0;0
-7.99999999999995;1.38777878078145E-14;0;0
-7.99999999999995;3.99999999999999;0;0
-7.99999999999995;7.99999999999999;0;0
-7.99999999999995;12;0;0
-7.99999999999995;16;0;0
-7.99999999999995;20;0;0
-7.99999999999995;24;0;0
-7.99999999999995;28;0;0
-7.99999999999995;32;0;0
-7.99999999999995;36;0;0
-7.99999999999995;40;0;0
-7.99999999999995;44;0;0
-7.99999999999995;48;0;0
-7.99999999999995;52;0;0
-7.99999999999995;56;0;0
-7.99999999999995;60;0;0
-7.99999999999995;64;0;0
-7.99999999999995;68;0;0
-7.99999999999995;72;0;0
-7.99999999999995;76;0;0
-7.99999999999995;80;0;0
-7.99999999999995;84;0;0
-7.99999999999995;88;0;0
-7.99999999999995;92;0;0
-7.99999999999995;96;0;0
-4;-96;0;0
-4;-92;0;0
-4;-88;0;0
-4;-84;0;0
-4;-80;0;0
-4;-76;0;0
-4;-72;0;0
-4;-68;0;0
-4;-64;0;0
-4;-60;0;0
-4;-56;0;0
-4;-52;0;0
-4;-48;0;0
-4;-44;0;0
-4;-40;0;0
-4;-36;0;0
-4;-32;0;0
-4;-28;0;0
-4;-24;0;0
-4;-20;0;0
-4;-16;0;0
-4;-12;0;0
-4;-7.99999999999999;0;0
-4;-3.99999999999999;0;0
-4;1.38777878078145E-14;0;0
-4;3.99999999999999;0;0
-4;7.99999999999999;0;0
-4;12;0;0
-4;16;0;0
-4;20;0;0
-4;24;0;0
-4;28;0;0
-4;32;0;0
-4;36;0;0
-4;40;0;0
-4;44;0;0
-4;48;0;0
-4;52;0;0
-4;56;0;0
-4;60;0;0
-4;64;0;0
-4;68;0;0
-4;72;0;0
-4;76;0;0
-4;80;0;0
-4;84;0;0
-4;88;0;0
-4;92;0;0
-4;96;0;0
0;-96;0;0
0;-92;0;0
0;-88;0;0
0;-84;0;0
0;-80;0;0
0;-76;0;0
0;-72;0;0
0;-68;0;0
0;-64;0;0
0;-60;0;0
0;-56;0;0
0;-52;0;0
0;-48;0;0
0;-44;0;0
0;-40;0;0
0;-36;0;0
0;-32;0;0
0;-28;0;0
0;-24;0;0
0;-20;0;0
0;-16;0;0
0;-12;0;0
0;-7.99999999999999;0;0
0;-3.99999999999999;0;0
0;1.38777878078145E-14;0;0
0;3.99999999999999;0;0
0;7.99999999999999;0;0
0;12;0;0
0;16;0;0
0;20;0;0
0;24;0;0
0;28;0;0
0;32;0;0
0;36;0;0
0;40;0;0
0;44;0;0
0;48;0;0
0;52;0;0
0;56;0;0
0;60;0;0
0;64;0;0
0;68;0;0
0;72;0;0
0;76;0;0
0;80;0;0
0;84;0;0
0;88;0;0
0;92;0;0
0;96;0;0
4;-96;0;0
4;-92;0;0
4;-88;0;0
4;-84;0;0
4;-80;0;0
4;-76;0;0
4;-72;0;0
4;-68;0;0
4;-64;0;0
4;-60;0;0
4;-56;0;0
4;-52;0;0
4;-48;0;0
4;-44;0;0
4;-40;0;0
4;-36;0;0
4;-32;0;0
4;-28;0;0
4;-24;0;0
4;-20;0;0
4;-16;0;0
4;-12;0;0
4;-7.99999999999999;0;0
4;-3.99999999999999;0;0
4;1.38777878078145E-14;0;0
4;3.99999999999999;0;0
4;7.99999999999999;0;0
4;12;0;0
4;16;0;0
4;20;0;0
4;24;0;0
4;28;0;0
4;32;0;0
4;36;0;0
4;40;0;0
4;44;0;0
4;48;0;0
4;52;0;0
4;56;0;0
4;60;0;0
4;64;0;0
4;68;0;0
4;72;0;0
4;76;0;0
4;80;0;0
4;84;0;0
4;88;0;0
4;92;0;0
4;96;0;0
8.00000000000001;-96;0;0
8.00000000000001;-92;0;0
8.00000000000001;-88;0;0
8.00000000000001;-84;0;0
8.00000000000001;-80;0;0
8.00000000000001;-76;0;0
8.00000000000001;-72;0;0
8.00000000000001;-68;0;0
8.00000000000001;-64;0;0
8.00000000000001;-60;0;0
8.00000000000001;-56;0;0
8.00000000000001;-52;0;0
8.00000000000001;-48;0;0
8.00000000000001;-44;0;0
8.00000000000001;-40;0;0
8.00000000000001;-36;0;0
8.00000000000001;-32;0;0
8.00000000000001;-28;0;0
8.00000000000001;-24;0;0
8.00000000000001;-20;0;0
8.00000000000001;-16;0;0
8.00000000000001;-12;0;0
8.00000000000001;-7.99999999999999;0;0
8.00000000000001;-3.99999999999999;0;0
8.00000000000001;1.38777878078145E-14;0;0
8.00000000000001;3.99999999999999;0;0
8.00000000000001;7.99999999999999;0;0
8.00000000000001;12;0;0
8.00000000000001;16;0;0
8.00000000000001;20;0;0
8.00000000000001;24;0;0
8.00000000000001;28;0;0
8.00000000000001;32;0;0
8.00000000000001;36;0;0
8.00000000000001;40;0;0
8.00000000000001;44;0;0
8.00000000000001;48;0;0
8.00000000000001;52;0;0
8.00000000000001;56;0;0
8.00000000000001;60;0;0
8.00000000000001;64;0;0
8.00000000000001;68;0;0
8.00000000000001;72;0;0
8.00000000000001;76;0;0
8.00000000000001;80;0;0
8.00000000000001;84;0;0
8.00000000000001;88;0;0
8.00000000000001;92;0;0
8.00000000000001;96;0;0
12;-96;0;0
12;-92;0;0
12;-88;0;0
12;-84;0;0
12;-80;0;0
12;-76;0;0
12;-72;0;0
12;-68;0;0
12;-64;0;0
12;-60;0;0
12;-56;0;0
12;-52;0;0
12;-48;0;0
12;-44;0;0
12;-40;0;0
12;-36;0;0
12;-32;0;0
12;-28;0;0
12;-24;0;0
12;-20;0;0
12;-16;0;0
12;-12;0;0
12;-7.99999999999999;0;0
12;-3.99999999999999;0;0
12;1.38777878078145E-14;0;0
12;3.99999999999999;0;0
12;7.99999999999999;0;0
12;12;0;0
12;16;0;0
12;20;0;0
12;24;0;0
12;28;0;0
12;32;0;0
12;36;0;0
12;40;0;0
12;44;0;0
12;48;0;0
12;52;0;0
12;56;0;0
12;60;0;0
12;64;0;0
12;68;0;0
12;72;0;0
12;76;0;0
12;80;0;0
12;84;0;0
12;88;0;0
12;92;0;0
12;96;0;0
16;-96;0;0
16;-92;0;0
16;-88;0;0
16;-84;0;0
16;-80;0;0
16;-76;0;0
16;-72;0;0
16;-68;0;0
16;-64;0;0
16;-60;0;0
16;-56;0;0
16;-52;0;0
16;-48;0;0
16;-44;0;0
16;-40;0;0
16;-36;0;0
16;-32;0;0
16;-28;0;0
16;-24;0;0
16;-20;0;0
16;-16;0;0
16;-12;0;0
16;-7.99999999999999;0;0
16;-3.99999999999999;0;0
16;1.38777878078145E-14;0;0
16;3.99999999999999;0;0
16;7.99999999999999;0;0
16;12;0;0
16;16;0;0
16;20;0;0
16;24;0;0
16;28;0;0
16;32;0;0
16;36;0;0
16;40;0;0
16;44;0;0
16;48;0;0
16;52;0;0
16;56;0;0
16;60;0;0
16;64;0;0
16;68;0;0
16;72;0;0
16;76;0;0
16;80;0;0
16;84;0;0
16;88;0;0
16;92;0;0
16;96;0;0
20;-96;0;0
20;-92;0;0
20;-88;0;0
20;-84;0;0
20;-80;0;0
20;-76;0;0
20;-72;0;0
20;-68;0;0
20;-64;0;0
20;-60;0;0
20;-56;0;0
20;-52;0;0
20;-48;0;0
20;-44;0;0
20;-40;0;0
20;-36;0;0
20;-32;0;0
20;-28;0;0
20;-24;0;0
20;-20;0;0
20;-16;0;0
20;-12;0;0
20;-7.99999999999999;0;0
20;-3.99999999999999;0;0
20;1.38777878078145E-14;0;0
20;3.99999999999999;0;0
20;7.99999999999999;0;0
20;12;0;0
20;16;0;0
20;20;0;0
20;24;0;0
20;28;0;0
20;32;0;0
20;36;0;0
20;40;0;0
20;44;0;0
20;48;0;0
20;52;0;0
20;56;0;0
20;60;0;0
20;64;0;0
20;68;0;0
20;72;0;0
20;76;0;0
20;80;0;0
20;84;0;0
20;88;0;0
20;92;0;0
20;96;0;0
24;-96;0;0
24;-92;0;0
24;-88;0;0
24;-84;0;0
24;-80;0;0
24;-76;0;0
24;-72;0;0
24;-68;0;0
24;-64;0;0
24;-60;0;0
24;-56;0;0
24;-52;0;0
24;-48;0;0
24;-44;0;0
24;-40;0;0
24;-36;0;0
24;-32;0;0
24;-28;0;0
24;-24;0;0
24;-20;0;0
24;-16;0;0
24;-12;0;0
24;-7.99999999999999;0;0
24;-3.99999999999999;0;0
24;1.38777878078145E-14;0;0
24;3.99999999999999;0;0
24;7.99999999999999;0;0
24;12;0;0
24;16;0;0
24;20;0;0
24;24;0;0
24;28;0;0
24;32;0;0
24;36;0;0
24;40;0;0
24;44;0;0
24;48;0;0
24;52;0;0
24;56;0;0
24;60;0;0
24;64;0;0
24;68;0;0
24;72;0;0
24;76;0;0
24;80;0;0
24;84;0;0
24;88;0;0
24;92;0;0
24;96;0;0
28;-96;0;0
28;-92;0;0
28;-88;0;0
28;-84;0;0
28;-80;0;0
28;-76;0;0
28;-72;0;0
28;-68;0;0
28;-64;0;0
28;-60;0;0
28;-56;0;0
28;-52;0;0
28;-48;0;0
28;-44;0;0
28;-40;0;0
28;-36;0;0
28;-32;0;0
28;-28;0;0
28;-24;0;0
28;-20;0;0
28;-16;0;0
28;-12;0;0
28;-7.99999999999999;0;0
28;-3.99999999999999;0;0
28;1.38777878078145E-14;0;0
28;3.99999999999999;0;0
28;7.99999999999999;0;0
28;12;0;0
28;16;0;0
28;20;0;0
28;24;0;0
28;28;0;0
28;32;0;0
28;36;0;0
28;40;0;0
28;44;0;0
28;48;0;0
28;52;0;0
28;56;0;0
28;60;0;0
28;64;0;0
28;68;0;0
28;72;0;0
28;76;0;0
28;80;0;0
28;84;0;0
28;88;0;0
28;92;0;0
28;96;0;0
32;-96;0;0
32;-92;0;0
32;-88;0;0
32;-84;0;0
32;-80;0;0
32;-76;0;0
32;-72;0;0
32;-68;0;0
32;-64;0;0
32;-60;0;0
32;-56;0;0
32;-52;0;0
32;-48;0;0
32;-44;0;0
32;-40;0;0
32;-36;0;0
32;-32;0;0
32;-28;0;0
32;-24;0;0
32;-20;0;0
32;-16;0;0
32;-12;0;0
32;-7.99999999999999;0;0
32;-3.99999999999999;0;0
32;1.38777878078145E-14;0;0
32;3.99999999999999;0;0
32;7.99999999999999;0;0
32;12;0;0
32;16;0;0
32;20;0;0
32;24;0;0
32;28;0;0
32;32;0;0
32;36;0;0
32;40;0;0
32;44;0;0
32;48;0;0
32;52;0;0
32;56;0;0
32;60;0;0
32;64;0;0
32;68;0;0
32;72;0;0
32;76;0;0
32;80;0;0
32;84;0;0
32;88;0;0
32;92;0;0
32;96;0;0
36;-96;0;0
36;-92;0;0
36;-88;0;0
36;-84;0;0
36;-80;0;0
36;-76;0;0
36;-72;0;0
36;-68;0;0
36;-64;0;0
36;-60;0;0
36;-56;0;0
36;-52;0;0
36;-48;0;0
36;-44;0;0
36;-40;0;0
36;-36;0;0
36;-32;0;0
36;-28;0;0
36;-24;0;0
36;-20;0;0
36;-16;0;0
36;-12;0;0
36;-7.99999999999999;0;0
36;-3.99999999999999;0;0
36;1.38777878078145E-14;0;0
36;3.99999999999999;0;0
36;7.99999999999999;0;0
36;12;0;0
36;16;0;0
36;20;0;0
36;24;0;0
36;28;0;0
36;32;0;0
36;36;0;0
36;40;0;0
36;44;0;0
36;48;0;0
36;52;0;0
36;56;0;0
36;60;0;0
36;64;0;0
36;68;0;0
36;72;0;0
36;76;0;0
36;80;0;0
36;84;0;0
36;88;0;0
36;92;0;0
36;96;0;0
40;-96;0;0
40;-92;0;0
40;-88;0;0
40;-84;0;0
40;-80;0;0
40;-76;0;0
40;-72;0;0
40;-68;0;0
40;-64;0;0
40;-60;0;0
40;-56;0;0
40;-52;0;0
40;-48;0;0
40;-44;0;0
40;-40;0;0
40;-36;0;0
40;-32;0;0
40;-28;0;0
40;-24;0;0
40;-20;0;0
40;-16;0;0
40;-12;0;0
40;-7.99999999999999;0;0
40;-3.99999999999999;0;0
40;1.38777878078145E-14;0;0
40;3.99999999999999;0;0
40;7.99999999999999;0;0
40;12;0;0
40;16;0;0
40;20;0;0
40;24;0;0
40;28;0;0
40;32;0;0
40;36;0;0
40;40;0;0
40;44;0;0
40;48;0;0
40;52;0;0
40;56;0;0
40;60;0;0
40;64;0;0
40;68;0;0
40;72;0;0
40;76;0;0
40;80;0;0
40;84;0;0
40;88;0;0
40;92;0;0
40;96;0;0
44;-96;0;0
44;-92;0;0
44;-88;0;0
44;-84;0;0
44;-80;0;0
44;-76;0;0
44;-72;0;0
44;-68;0;0
44;-64;0;0
44;-60;0;0
44;-56;0;0
44;-52;0;0
44;-48;0;0
44;-44;0;0
44;-40;0;0
44;-36;0;0
44;-32;0;0
44;-28;0;0
44;-24;0;0
44;-20;0;0
44;-16;0;0
44;-12;0;0
44;-7.99999999999999;0;0
44;-3.99999999999999;0;0
44;1.38777878078145E-14;0;0
44;3.99999999999999;0;0
44;7.99999999999999;0;0
44;12;0;0
44;16;0;0
44;20;0;0
44;24;0;0
44;28;0;0
44;32;0;0
44;36;0;0
44;40;0;0
44;44;0;0
44;48;0;0
44;52;0;0
44;56;0;0
44;60;0;0
44;64;0;0
44;68;0;0
44;72;0;0
44;76;0;0
44;80;0;0
44;84;0;0
44;88;0;0
44;92;0;0
44;96;0;0
48;-96;0;0
48;-92;0;0
48;-88;0;0
48;-84;0;0
48;-80;0;0
48;-76;0;0
48;-72;0;0
48;-68;0;0
48;-64;0;0
48;-60;0;0
48;-56;0;0
48;-52;0;0
48;-48;0;0
48;-44;0;0
48;-40;0;0
48;-36;0;0
48;-32;0;0
48;-28;0;0
48;-24;0;0
48;-20;0;0
48;-16;0;0
48;-12;0;0
48;-7.99999999999999;0;0
48;-3.99999999999999;0;0
48;1.38777878078145E-14;0;0
48;3.99999999999999;0;0
48;7.99999999999999;0;0
48;12;0;0
48;16;0;0
48;20;0;0
48;24;0;0
48;28;0;0
48;32;0;0
48;36;0;0
48;40;0;0
48;44;0;0
48;48;0;0
48;52;0;0
48;56;0;0
48;60;0;0
48;64;0;0
48;68;0;0
48;72;0;0
48;76;0;0
48;80;0;0
48;84;0;0
48;88;0;0
48;92;0;0
48;96;0;0
52;-96;0;0
52;-92;0;0
52;-88;0;0
52;-84;0;0
52;-80;0;0
52;-76;0;0
52;-72;0;0
52;-68;0;0
52;-64;0;0
52;-60;0;0
52;-56;0;0
52;-52;0;0
52;-48;0;0
52;-44;0;0
52;-40;0;0
52;-36;0;0
52;-32;0;0
52;-28;0;0
52;-24;0;0
52;-20;0;0
52;-16;0;0
52;-12;0;0
52;-7.99999999999999;0;0
52;-3.99999999999999;0;0
52;1.38777878078145E-14;0;0
52;3.99999999999999;0;0
52;7.99999999999999;0;0
52;12;0;0
52;16;0;0
52;20;0;0
52;24;0;0
52;28;0;0
52;32;0;0
52;36;0;0
52;40;0;0
52;44;0;0
52;48;0;0
52;52;0;0
52;56;0;0
52;60;0;0
52;64;0;0
52;68;0;0
52;72;0;0
52;76;0;0
52;80;0;0
52;84;0;0
52;88;0;0
52;92;0;0
52;96;0;0
56;-96;0;0
56;-92;0;0
56;-88;0;0
56;-84;0;0
56;-80;0;0
56;-76;0;0
56;-72;0;0
56;-68;0;0
56;-64;0;0
56;-60;0;0
56;-56;0;0
56;-52;0;0
56;-48;0;0
56;-44;0;0
56;-40;0;0
56;-36;0;0
56;-32;0;0
56;-28;0;0
56;-24;0;0
56;-20;0;0
56;-16;0;0
56;-12;0;0
56;-7.99999999999999;0;0
56;-3.99999999999999;0;0
56;1.38777878078145E-14;0;0
56;3.99999999999999;0;0
56;7.99999999999999;0;0
56;12;0;0
56;16;0;0
56;20;0;0
56;24;0;0
56;28;0;0
56;32;0;0
56;36;0;0
56;40;0;0
56;44;0;0
56;48;0;0
56;52;0;0
56;56;0;0
56;60;0;0
56;64;0;0
56;68;0;0
56;72;0;0
56;76;0;0
56;80;0;0
56;84;0;0
56;88;0;0
56;92;0;0
56;96;0;0
60;-96;0;0
60;-92;0;0
60;-88;0;0
60;-84;0;0
60;-80;0;0
60;-76;0;0
60;-72;0;0
60;-68;0;0
60;-64;0;0
60;-60;0;0
60;-56;0;0
60;-52;0;0
60;-48;0;0
60;-44;0;0
60;-40;0;0
60;-36;0;0
60;-32;0;0
60;-28;0;0
60;-24;0;0
60;-20;0;0
60;-16;0;0
60;-12;0;0
60;-7.99999999999999;0;0
60;-3.99999999999999;0;0
60;1.38777878078145E-14;0;0
60;3.99999999999999;0;0
60;7.99999999999999;0;0
60;12;0;0
60;16;0;0
60;20;0;0
60;24;0;0
60;28;0;0
60;32;0;0
60;36;0;0
60;40;0;0
60;44;0;0
60;48;0;0
60;52;0;0
60;56;0;0
60;60;0;0
60;64;0;0
60;68;0;0
60;72;0;0
60;76;0;0
60;80;0;0
60;84;0;0
60;88;0;0
60;92;0;0
60;96;0;0
64;-96;0;0
64;-92;0;0
64;-88;0;0
64;-84;0;0
64;-80;0;0
64;-76;0;0
64;-72;0;0
64;-68;0;0
64;-64;0;0
64;-60;0;0
64;-56;0;0
64;-52;0;0
64;-48;0;0
64;-44;0;0
64;-40;0;0
64;-36;0;0
64;-32;0;0
64;-28;0;0
64;-24;0;0
64;-20;0;0
64;-16;0;0
64;-12;0;0
64;-7.99999999999999;0;0
64;-3.99999999999999;0;0
64;1.38777878078145E-14;0;0
64;3.99999999999999;0;0
64;7.99999999999999;0;0
64;12;0;0
64;16;0;0
64;20;0;0
64;24;0;0
64;28;0;0
64;32;0;0
64;36;0;0
64;40;0;0
64;44;0;0
64;48;0;0
64;52;0;0
64;56;0;0
64;60;0;0
64;64;0;0
64;68;0;0
64;72;0;0
64;76;0;0
64;80;0;0
64;84;0;0
64;88;0;0
64;92;0;0
64;96;0;0
68;-96;0;0
68;-92;0;0
68;-88;0;0
68;-84;0;0
68;-80;0;0
68;-76;0;0
68;-72;0;0
68;-68;0;0
68;-64;0;0
68;-60;0;0
68;-56;0;0
68;-52;0;0
68;-48;0;0
68;-44;0;0
68;-40;0;0
68;-36;0;0
68;-32;0;0
68;-28;0;0
68;-24;0;0
68;-20;0;0
68;-16;0;0
68;-12;0;0
68;-7.99999999999999;0;0
68;-3.99999999999999;0;0
68;1.38777878078145E-14;0;0
68;3.99999999999999;0;0
68;7.99999999999999;0;0
68;12;0;0
68;16;0;0
68;20;0;0
68;24;0;0
68;28;0;0
68;32;0;0
68;36;0;0
68;40;0;0
68;44;0;0
68;48;0;0
68;52;0;0
68;56;0;0
68;60;0;0
68;64;0;0
68;68;0;0
68;72;0;0
68;76;0;0
68;80;0;0
68;84;0;0
68;88;0;0
68;92;0;0
68;96;0;0
72;-96;0;0
72;-92;0;0
72;-88;0;0
72;-84;0;0
72;-80;0;0
72;-76;0;0
72;-72;0;0
72;-68;0;0
72;-64;0;0
72;-60;0;0
72;-56;0;0
72;-52;0;0
72;-48;0;0
72;-44;0;0
72;-40;0;0
72;-36;0;0
72;-32;0;0
72;-28;0;0
72;-24;0;0
72;-20;0;0
72;-16;0;0
72;-12;0;0
72;-7.99999999999999;0;0
72;-3.99999999999999;0;0
72;1.38777878078145E-14;0;0
72;3.99999999999999;0;0
72;7.99999999999999;0;0
72;12;0;0
72;16;0;0
72;20;0;0
72;24;0;0
72;28;0;0
72;32;0;0
72;36;0;0
72;40;0;0
72;44;0;0
72;48;0;0
72;52;0;0
72;56;0;0
72;60;0;0
72;64;0;0
72;68;0;0
72;72;0;0
72;76;0;0
72;80;0;0
72;84;0;0
72;88;0;0
72;92;0;0
72;96;0;0
76;-96;0;0
76;-92;0;0
76;-88;0;0
76;-84;0;0
76;-80;0;0
76;-76;0;0
76;-72;0;0
76;-68;0;0
76;-64;0;0
76;-60;0;0
76;-56;0;0
76;-52;0;0
76;-48;0;0
76;-44;0;0
76;-40;0;0
76;-36;0;0
76;-32;0;0
76;-28;0;0
76;-24;0;0
76;-20;0;0
76;-16;0;0
76;-12;0;0
76;-7.99999999999999;0;0
76;-3.99999999999999;0;0
76;1.38777878078145E-14;0;0
76;3.99999999999999;0;0
76;7.99999999999999;0;0
76;12;0;0
76;16;0;0
76;20;0;0
76;24;0;0
76;28;0;0
76;32;0;0
76;36;0;0
76;40;0;0
76;44;0;0
76;48;0;0
76;52;0;0
76;56;0;0
76;60;0;0
76;64;0;0
76;68;0;0
76;72;0;0
76;76;0;0
76;80;0;0
76;84;0;0
76;88;0;0
76;92;0;0
76;96;0;0
80;-96;0;0
80;-92;0;0
80;-88;0;0
80;-84;0;0
80;-80;0;0
80;-76;0;0
80;-72;0;0
80;-68;0;0
80;-64;0;0
80;-60;0;0
80;-56;0;0
80;-52;0;0
80;-48;0;0
80;-44;0;0
80;-40;0;0
80;-36;0;0
80;-32;0;0
80;-28;0;0
80;-24;0;0
80;-20;0;0
80;-16;0;0
80;-12;0;0
80;-7.99999999999999;0;0
80;-3.99999999999999;0;0
80;1.38777878078145E-14;0;0
80;3.99999999999999;0;0
80;7.99999999999999;0;0
80;12;0;0
80;16;0;0
80;20;0;0
80;24;0;0
80;28;0;0
80;32;0;0
80;36;0;0
80;40;0;0
80;44;0;0
80;48;0;0
80;52;0;0
80;56;0;0
80;60;0;0
80;64;0;0
80;68;0;0
80;72;0;0
80;76;0;0
80;80;0;0
80;84;0;0
80;88;0;0
80;92;0;0
80;96;0;0
84;-96;0;0
84;-92;0;0
84;-88;0;0
84;-84;0;0
84;-80;0;0
84;-76;0;0
84;-72;0;0
84;-68;0;0
84;-64;0;0
84;-60;0;0
84;-56;0;0
84;-52;0;0
84;-48;0;0
84;-44;0;0
84;-40;0;0
84;-36;0;0
84;-32;0;0
84;-28;0;0
84;-24;0;0
84;-20;0;0
84;-16;0;0
84;-12;0;0
84;-7.99999999999999;0;0
84;-3.99999999999999;0;0
84;1.38777878078145E-14;0;0
84;3.99999999999999;0;0
84;7.99999999999999;0;0
84;12;0;0
84;16;0;0
84;20;0;0
84;24;0;0
84;28;0;0
84;32;0;0
84;36;0;0
84;40;0;0
84;44;0;0
84;48;0;0
84;52;0;0
84;56;0;0
84;60;0;0
84;64;0;0
84;68;0;0
84;72;0;0
84;76;0;0
84;80;0;0
84;84;0;0
84;88;0;0
84;92;0;0
84;96;0;0
88;-96;0;0
88;-92;0;0
88;-88;0;0
88;-84;0;0
88;-80;0;0
88;-76;0;0
88;-72;0;0
88;-68;0;0
88;-64;0;0
88;-60;0;0
88;-56;0;0
88;-52;0;0
88;-48;0;0
88;-44;0;0
88;-40;0;0
88;-36;0;0
88;-32;0;0
88;-28;0;0
88;-24;0;0
88;-20;0;0
88;-16;0;0
88;-12;0;0
88;-7.99999999999999;0;0
88;-3.99999999999999;0;0
88;1.38777878078145E-14;0;0
88;3.99999999999999;0;0
88;7.99999999999999;0;0
88;12;0;0
88;16;0;0
88;20;0;0
88;24;0;0
88;28;0;0
88;32;0;0
88;36;0;0
88;40;0;0
88;44;0;0
88;48;0;0
88;52;0;0
88;56;0;0
88;60;0;0
88;64;0;0
88;68;0;0
88;72;0;0
88;76;0;0
88;80;0;0
88;84;0;0
88;88;0;0
88;92;0;0
88;96;0;0
92;-96;0;0
92;-92;0;0
92;-88;0;0
92;-84;0;0
92;-80;0;0
92;-76;0;0
92;-72;0;0
92;-68;0;0
92;-64;0;0
92;-60;0;0
92;-56;0;0
92;-52;0;0
92;-48;0;0
92;-44;0;0
92;-40;0;0
92;-36;0;0
92;-32;0;0
92;-28;0;0
92;-24;0;0
92;-20;0;0
92;-16;0;0
92;-12;0;0
92;-7.99999999999999;0;0
92;-3.99999999999999;0;0
92;1.38777878078145E-14;0;0
92;3.99999999999999;0;0
92;7.99999999999999;0;0
92;12;0;0
92;16;0;0
92;20;0;0
92;24;0;0
92;28;0;0
92;32;0;0
92;36;0;0
92;40;0;0
92;44;0;0
92;48;0;0
92;52;0;0
92;56;0;0
92;60;0;0
92;64;0;0
92;68;0;0
92;72;0;0
92;76;0;0
92;80;0;0
92;84;0;0
92;88;0;0
92;92;0;0
92;96;0;0
96;-96;0;0
96;-92;0;0
96;-88;0;0
96;-84;0;0
96;-80;0;0
96;-76;0;0
96;-72;0;0
96;-68;0;0
96;-64;0;0
96;-60;0;0
96;-56;0;0
96;-52;0;0
96;-48;0;0
96;-44;0;0
96;-40;0;0
96;-36;0;0
96;-32;0;0
96;-28;0;0
96;-24;0;0
96;-20;0;0
96;-16;0;0
96;-12;0;0
96;-7.99999999999999;0;0
96;-3.99999999999999;0;0
96;1.38777878078145E-14;0;0
96;3.99999999999999;0;0
96;7.99999999999999;0;0
96;12;0;0
96;16;0;0
96;20;0;0
96;24;0;0
96;28;0;0
96;32;0;0
96;36;0;0
96;40;0;0
96;44;0;0
96;48;0;0
96;52;0;0
96;56;0;0
96;60;0;0
96;64;0;0
96;68;0;0
96;72;0;0
96;76;0;0
96;80;0;0
96;84;0;0
96;88;0;0
96;92;0;0
96;96;0;0
100;-96;0;0
100;-92;0;0
100;-88;0;0
100;-84;0;0
100;-80;0;0
100;-76;0;0
100;-72;0;0
100;-68;0;0
100;-64;0;0
100;-60;0;0
100;-56;0;0
100;-52;0;0
100;-48;0;0
100;-44;0;0
100;-40;0;0
100;-36;0;0
100;-32;0;0
100;-28;0;0
100;-24;0;0
100;-20;0;0
100;-16;0;0
100;-12;0;0
100;-7.99999999999999;0;0
100;-3.99999999999999;0;0
100;1.38777878078145E-14;0;0
100;3.99999999999999;0;0
100;7.99999999999999;0;0
100;12;0;0
100;16;0;0
100;20;0;0
100;24;0;0
100;28;0;0
100;32;0;0
100;36;0;0
100;40;0;0
100;44;0;0
100;48;0;0
100;52;0;0
100;56;0;0
100;60;0;0
100;64;0;0
100;68;0;0
100;72;0;0
100;76;0;0
100;80;0;0
100;84;0;0
100;88;0;0
100;92;0;0
100;96;0;0
104;-96;0;0
104;-92;0;0
104;-88;0;0
104;-84;0;0
104;-80;0;0
104;-76;0;0
104;-72;0;0
104;-68;0;0
104;-64;0;0
104;-60;0;0
104;-56;0;0
104;-52;0;0
104;-48;0;0
104;-44;0;0
104;-40;0;0
104;-36;0;0
104;-32;0;0
104;-28;0;0
104;-24;0;0
104;-20;0;0
104;-16;0;0
104;-12;0;0
104;-7.99999999999999;0;0
104;-3.99999999999999;0;0
104;1.38777878078145E-14;0;0
104;3.99999999999999;0;0
104;7.99999999999999;0;0
104;12;0;0
104;16;0;0
104;20;0;0
104;24;0;0
104;28;0;0
104;32;0;0
104;36;0;0
104;40;0;0
104;44;0;0
104;48;0;0
104;52;0;0
104;56;0;0
104;60;0;0
104;64;0;0
104;68;0;0
104;72;0;0
104;76;0;0
104;80;0;0
104;84;0;0
104;88;0;0
104;92;0;0
104;96;0;0
108;-96;0;0
108;-92;0;0
108;-88;0;0
108;-84;0;0
108;-80;0;0
108;-76;0;0
108;-72;0;0
108;-68;0;0
108;-64;0;0
108;-60;0;0
108;-56;0;0
108;-52;0;0
108;-48;0;0
108;-44;0;0
108;-40;0;0
108;-36;0;0
108;-32;0;0
108;-28;0;0
108;-24;0;0
108;-20;0;0
108;-16;0;0
108;-12;0;0
108;-7.99999999999999;0;0
108;-3.99999999999999;0;0
108;1.38777878078145E-14;0;0
108;3.99999999999999;0;0
108;7.99999999999999;0;0
108;12;0;0
108;16;0;0
108;20;0;0
108;24;0;0
108;28;0;0
108;32;0;0
108;36;0;0
108;40;0;0
108;44;0;0
108;48;0;0
108;52;0;0
108;56;0;0
108;60;0;0
108;64;0;0
108;68;0;0
108;72;0;0
108;76;0;0
108;80;0;0
108;84;0;0
108;88;0;0
108;92;0;0
108;96;0;0
112;-96;0;0
112;-92;0;0
112;-88;0;0
112;-84;0;0
112;-80;0;0
112;-76;0;0
112;-72;0;0
112;-68;0;0
112;-64;0;0
112;-60;0;0
112;-56;0;0
112;-52;0;0
112;-48;0;0
112;-44;0;0
112;-40;0;0
112;-36;0;0
112;-32;0;0
112;-28;0;0
112;-24;0;0
112;-20;0;0
112;-16;0;0
112;-12;0;0
112;-7.99999999999999;0;0
112;-3.99999999999999;0;0
112;1.38777878078145E-14;0;0
112;3.99999999999999;0;0
112;7.99999999999999;0;0
112;12;0;0
112;16;0;0
112;20;0;0
112;24;0;0
112;28;0;0
112;32;0;0
112;36;0;0
112;40;0;0
112;44;0;0
112;48;0;0
112;52;0;0
112;56;0;0
112;60;0;0
112;64;0;0
112;68;0;0
112;72;0;0
112;76;0;0
112;80;0;0
112;84;0;0
112;88;0;0
112;92;0;0
112;96;0;0
116;-96;0;0
116;-92;0;0
116;-88;0;0
116;-84;0;0
116;-80;0;0
116;-76;0;0
116;-72;0;0
116;-68;0;0
116;-64;0;0
116;-60;0;0
116;-56;0;0
116;-52;0;0
116;-48;0;0
116;-44;0;0
116;-40;0;0
116;-36;0;0
116;-32;0;0
116;-28;0;0
116;-24;0;0
116;-20;0;0
116;-16;0;0
116;-12;0;0
116;-7.99999999999999;0;0
116;-3.99999999999999;0;0
116;1.38777878078145E-14;0;0
116;3.99999999999999;0;0
116;7.99999999999999;0;0
116;12;0;0
116;16;0;0
116;20;0;0
116;24;0;0
116;28;0;0
116;32;0;0
116;36;0;0
116;40;0;0
116;44;0;0
116;48;0;0
116;52;0;0
116;56;0;0
116;60;0;0
116;64;0;0
116;68;0;0
116;72;0;0
116;76;0;0
116;80;0;0
116;84;0;0
116;88;0;0
116;92;0;0
116;96;0;0
120;-96;0;0
120;-92;0;0
120;-88;0;0
120;-84;0;0
120;-80;0;0
120;-76;0;0
120;-72;0;0
120;-68;0;0
120;-64;0;0
120;-60;0;0
120;-56;0;0
120;-52;0;0
120;-48;0;0
120;-44;0;0
120;-40;0;0
120;-36;0;0
120;-32;0;0
120;-28;0;0
120;-24;0;0
120;-20;0;0
120;-16;0;0
120;-12;0;0
120;-7.99999999999999;0;0
120;-3.99999999999999;0;0
120;1.38777878078145E-14;0;0
120;3.99999999999999;0;0
120;7.99999999999999;0;0
120;12;0;0
120;16;0;0
120;20;0;0
120;24;0;0
120;28;0;0
120;32;0;0
120;36;0;0
120;40;0;0
120;44;0;0
120;48;0;0
120;52;0;0
120;56;0;0
120;60;0;0
120;64;0;0
120;68;0;0
120;72;0;0
120;76;0;0
120;80;0;0
120;84;0;0
120;88;0;0
120;92;0;0
120;96;0;0
124;-96;0;0
124;-92;0;0
124;-88;0;0
124;-84;0;0
124;-80;0;0
124;-76;0;0
124;-72;0;0
124;-68;0;0
124;-64;0;0
124;-60;0;0
124;-56;0;0
124;-52;0;0
124;-48;0;0
124;-44;0;0
124;-40;0;0
124;-36;0;0
124;-32;0;0
124;-28;0;0
124;-24;0;0
124;-20;0;0
124;-16;0;0
124;-12;0;0
124;-7.99999999999999;0;0
124;-3.99999999999999;0;0
124;1.38777878078145E-14;0;0
124;3.99999999999999;0;0
124;7.99999999999999;0;0
124;12;0;0
124;16;0;0
124;20;0;0
124;24;0;0
124;28;0;0
124;32;0;0
124;36;0;0
124;40;0;0
124;44;0;0
124;48;0;0
124;52;0;0
124;56;0;0
124;60;0;0
124;64;0;0
124;68;0;0
124;72;0;0
124;76;0;0
124;80;0;0
124;84;0;0
124;88;0;0
124;92;0;0
124;96;0;0
128;-96;0;0
128;-92;0;0
128;-88;0;0
128;-84;0;0
128;-80;0;0
128;-76;0;0
128;-72;0;0
128;-68;0;0
128;-64;0;0
128;-60;0;0
128;-56;0;0
128;-52;0;0
128;-48;0;0
128;-44;0;0
128;-40;0;0
128;-36;0;0
128;-32;0;0
128;-28;0;0
128;-24;0;0
128;-20;0;0
128;-16;0;0
128;-12;0;0
128;-7.99999999999999;0;0
128;-3.99999999999999;0;0
128;1.38777878078145E-14;0;0
128;3.99999999999999;0;0
128;7.99999999999999;0;0
128;12;0;0
128;16;0;0
128;20;0;0
128;24;0;0
128;28;0;0
128;32;0;0
128;36;0;0
128;40;0;0
128;44;0;0
128;48;0;0
128;52;0;0
128;56;0;0
128;60;0;0
128;64;0;0
128;68;0;0
128;72;0;0
128;76;0;0
128;80;0;0
128;84;0;0
128;88;0;0
128;92;0;0
128;96;0;0
132;-96;0;0
132;-92;0;0
132;-88;0;0
132;-84;0;0
132;-80;0;0
132;-76;0;0
132;-72;0;0
132;-68;0;0
132;-64;0;0
132;-60;0;0
132;-56;0;0
132;-52;0;0
132;-48;0;0
132;-44;0;0
132;-40;0;0
132;-36;0;0
132;-32;0;0
132;-28;0;0
132;-24;0;0
132;-20;0;0
132;-16;0;0
132;-12;0;0
132;-7.99999999999999;0;0
132;-3.99999999999999;0;0
132;1.38777878078145E-14;0;0
132;3.99999999999999;0;0
132;7.99999999999999;0;0
132;12;0;0
132;16;0;0
132;20;0;0
132;24;0;0
132;28;0;0
132;32;0;0
132;36;0;0
132;40;0;0
132;44;0;0
132;48;0;0
132;52;0;0
132;56;0;0
132;60;0;0
132;64;0;0
132;68;0;0
132;72;0;0
132;76;0;0
132;80;0;0
132;84;0;0
132;88;0;0
132;92;0;0
132;96;0;0
136;-96;0;0
136;-92;0;0
136;-88;0;0
136;-84;0;0
136;-80;0;0
136;-76;0;0
136;-72;0;0
136;-68;0;0
136;-64;0;0
136;-60;0;0
136;-56;0;0
136;-52;0;0
136;-48;0;0
136;-44;0;0
136;-40;0;0
136;-36;0;0
136;-32;0;0
136;-28;0;0
136;-24;0;0
136;-20;0;0
136;-16;0;0
136;-12;0;0
136;-7.99999999999999;0;0
136;-3.99999999999999;0;0
136;1.38777878078145E-14;0;0
136;3.99999999999999;0;0
136;7.99999999999999;0;0
136;12;0;0
136;16;0;0
136;20;0;0
136;24;0;0
136;28;0;0
136;32;0;0
136;36;0;0
136;40;0;0
136;44;0;0
136;48;0;0
136;52;0;0
136;56;0;0
136;60;0;0
136;64;0;0
136;68;0;0
136;72;0;0
136;76;0;0
136;80;0;0
136;84;0;0
136;88;0;0
136;92;0;0
136;96;0;0
140;-96;0;0
140;-92;0;0
140;-88;0;0
140;-84;0;0
140;-80;0;0
140;-76;0;0
140;-72;0;0
140;-68;0;0
140;-64;0;0
140;-60;0;0
140;-56;0;0
140;-52;0;0
140;-48;0;0
140;-44;0;0
140;-40;0;0
140;-36;0;0
140;-32;0;0
140;-28;0;0
140;-24;0;0
140;-20;0;0
140;-16;0;0
140;-12;0;0
140;-7.99999999999999;0;0
140;-3.99999999999999;0;0
140;1.38777878078145E-14;0;0
140;3.99999999999999;0;0
140;7.99999999999999;0;0
140;12;0;0
140;16;0;0
140;20;0;0
140;24;0;0
140;28;0;0
140;32;0;0
140;36;0;0
140;40;0;0
140;44;0;0
140;48;0;0
140;52;0;0
140;56;0;0
140;60;0;0
140;64;0;0
140;68;0;0
140;72;0;0
140;76;0;0
140;80;0;0
140;84;0;0
140;88;0;0
140;92;0;0
140;96;0;0
144;-96;0;0
144;-92;0;0
144;-88;0;0
144;-84;0;0
144;-80;0;0
144;-76;0;0
144;-72;0;0
144;-68;0;0
144;-64;0;0
144;-60;0;0
144;-56;0;0
144;-52;0;0
144;-48;0;0
144;-44;0;0
144;-40;0;0
144;-36;0;0
144;-32;0;0
144;-28;0;0
144;-24;0;0
144;-20;0;0
144;-16;0;0
144;-12;0;0
144;-7.99999999999999;0;0
144;-3.99999999999999;0;0
144;1.38777878078145E-14;0;0
144;3.99999999999999;0;0
144;7.99999999999999;0;0
144;12;0;0
144;16;0;0
144;20;0;0
144;24;0;0
144;28;0;0
144;32;0;0
144;36;0;0
144;40;0;0
144;44;0;0
144;48;0;0
144;52;0;0
144;56;0;0
144;60;0;0
144;64;0;0
144;68;0;0
144;72;0;0
144;76;0;0
144;80;0;0
144;84;0;0
144;88;0;0
144;92;0;0
144;96;0;0
148;-96;0;0
148;-92;0;0
148;-88;0;0
148;-84;0;0
148;-80;0;0
148;-76;0;0
148;-72;0;0
148;-68;0;0
148;-64;0;0
148;-60;0;0
148;-56;0;0
148;-52;0;0
148;-48;0;0
148;-44;0;0
148;-40;0;0
148;-36;0;0
148;-32;0;0
148;-28;0;0
148;-24;0;0
148;-20;0;0
148;-16;0;0
148;-12;0;0
148;-7.99999999999999;0;0
148;-3.99999999999999;0;0
148;1.38777878078145E-14;0;0
148;3.99999999999999;0;0
148;7.99999999999999;0;0
148;12;0;0
148;16;0;0
148;20;0;0
148;24;0;0
148;28;0;0
148;32;0;0
148;36;0;0
148;40;0;0
148;44;0;0
148;48;0;0
148;52;0;0
148;56;0;0
148;60;0;0
148;64;0;0
148;68;0;0
148;72;0;0
148;76;0;0
148;80;0;0
148;84;0;0
148;88;0;0
148;92;0;0
148;96;0;0
152;-96;0;0
152;-92;0;0
152;-88;0;0
152;-84;0;0
152;-80;0;0
152;-76;0;0
152;-72;0;0
152;-68;0;0
152;-64;0;0
152;-60;0;0
152;-56;0;0
152;-52;0;0
152;-48;0;0
152;-44;0;0
152;-40;0;0
152;-36;0;0
152;-32;0;0
152;-28;0;0
152;-24;0;0
152;-20;0;0
152;-16;0;0
152;-12;0;0
152;-7.99999999999999;0;0
152;-3.99999999999999;0;0
152;1.38777878078145E-14;0;0
152;3.99999999999999;0;0
152;7.99999999999999;0;0
152;12;0;0
152;16;0;0
152;20;0;0
152;24;0;0
152;28;0;0
152;32;0;0
152;36;0;0
152;40;0;0
152;44;0;0
152;48;0;0
152;52;0;0
152;56;0;0
152;60;0;0
152;64;0;0
152;68;0;0
152;72;0;0
152;76;0;0
152;80;0;0
152;84;0;0
152;88;0;0
152;92;0;0
152;96;0;0
156;-96;0;0
156;-92;0;0
156;-88;0;0
156;-84;0;0
156;-80;0;0
156;-76;0;0
156;-72;0;0
156;-68;0;0
156;-64;0;0
156;-60;0;0
156;-56;0;0
156;-52;0;0
156;-48;0;0
156;-44;0;0
156;-40;0;0
156;-36;0;0
156;-32;0;0
156;-28;0;0
156;-24;0;0
156;-20;0;0
156;-16;0;0
156;-12;0;0
156;-7.99999999999999;0;0
156;-3.99999999999999;0;0
156;1.38777878078145E-14;0;0
156;3.99999999999999;0;0
156;7.99999999999999;0;0
156;12;0;0
156;16;0;0
156;20;0;0
156;24;0;0
156;28;0;0
156;32;0;0
156;36;0;0
156;40;0;0
156;44;0;0
156;48;0;0
156;52;0;0
156;56;0;0
156;60;0;0
156;64;0;0
156;68;0;0
156;72;0;0
156;76;0;0
156;80;0;0
156;84;0;0
156;88;0;0
156;92;0;0
156;96;0;0
160;-96;0;0
160;-92;0;0
160;-88;0;0
160;-84;0;0
160;-80;0;0
160;-76;0;0
160;-72;0;0
160;-68;0;0
160;-64;0;0
160;-60;0;0
160;-56;0;0
160;-52;0;0
160;-48;0;0
160;-44;0;0
160;-40;0;0
160;-36;0;0
160;-32;0;0
160;-28;0;0
160;-24;0;0
160;-20;0;0
160;-16;0;0
160;-12;0;0
160;-7.99999999999999;0;0
160;-3.99999999999999;0;0
160;1.38777878078145E-14;0;0
160;3.99999999999999;0;0
160;7.99999999999999;0;0
160;12;0;0
160;16;0;0
160;20;0;0
160;24;0;0
160;28;0;0
160;32;0;0
160;36;0;0
160;40;0;0
160;44;0;0
160;48;0;0
160;52;0;0
160;56;0;0
160;60;0;0
160;64;0;0
160;68;0;0
160;72;0;0
160;76;0;0
160;80;0;0
160;84;0;0
160;88;0;0
160;92;0;0
160;96;0;0
164;-96;0;0
164;-92;0;0
164;-88;0;0
164;-84;0;0
164;-80;0;0
164;-76;0;0
164;-72;0;0
164;-68;0;0
164;-64;0;0
164;-60;0;0
164;-56;0;0
164;-52;0;0
164;-48;0;0
164;-44;0;0
164;-40;0;0
164;-36;0;0
164;-32;0;0
164;-28;0;0
164;-24;0;0
164;-20;0;0
164;-16;0;0
164;-12;0;0
164;-7.99999999999999;0;0
164;-3.99999999999999;0;0
164;1.38777878078145E-14;0;0
164;3.99999999999999;0;0
164;7.99999999999999;0;0
164;12;0;0
164;16;0;0
164;20;0;0
164;24;0;0
164;28;0;0
164;32;0;0
164;36;0;0
164;40;0;0
164;44;0;0
164;48;0;0
164;52;0;0
164;56;0;0
164;60;0;0
164;64;0;0
164;68;0;0
164;72;0;0
164;76;0;0
164;80;0;0
164;84;0;0
164;88;0;0
164;92;0;0
164;96;0;0
168;-96;0;0
168;-92;0;0
168;-88;0;0
168;-84;0;0
168;-80;0;0
168;-76;0;0
168;-72;0;0
168;-68;0;0
168;-64;0;0
168;-60;0;0
168;-56;0;0
168;-52;0;0
168;-48;0;0
168;-44;0;0
168;-40;0;0
168;-36;0;0
168;-32;0;0
168;-28;0;0
168;-24;0;0
168;-20;0;0
168;-16;0;0
168;-12;0;0
168;-7.99999999999999;0;0
168;-3.99999999999999;0;0
168;1.38777878078145E-14;0;0
168;3.99999999999999;0;0
168;7.99999999999999;0;0
168;12;0;0
168;16;0;0
168;20;0;0
168;24;0;0
168;28;0;0
168;32;0;0
168;36;0;0
168;40;0;0
168;44;0;0
168;48;0;0
168;52;0;0
168;56;0;0
168;60;0;0
168;64;0;0
168;68;0;0
168;72;0;0
168;76;0;0
168;80;0;0
168;84;0;0
168;88;0;0
168;92;0;0
168;96;0;0
172;-96;0;0
172;-92;0;0
172;-88;0;0
172;-84;0;0
172;-80;0;0
172;-76;0;0
172;-72;0;0
172;-68;0;0
172;-64;0;0
172;-60;0;0
172;-56;0;0
172;-52;0;0
172;-48;0;0
172;-44;0;0
172;-40;0;0
172;-36;0;0
172;-32;0;0
172;-28;0;0
172;-24;0;0
172;-20;0;0
172;-16;0;0
172;-12;0;0
172;-7.99999999999999;0;0
172;-3.99999999999999;0;0
172;1.38777878078145E-14;0;0
172;3.99999999999999;0;0
172;7.99999999999999;0;0
172;12;0;0
172;16;0;0
172;20;0;0
172;24;0;0
172;28;0;0
172;32;0;0
172;36;0;0
172;40;0;0
172;44;0;0
172;48;0;0
172;52;0;0
172;56;0;0
172;60;0;0
172;64;0;0
172;68;0;0
172;72;0;0
172;76;0;0
172;80;0;0
172;84;0;0
172;88;0;0
172;92;0;0
172;96;0;0
176;-96;0;0
176;-92;0;0
176;-88;0;0
176;-84;0;0
176;-80;0;0
176;-76;0;0
176;-72;0;0
176;-68;0;0
176;-64;0;0
176;-60;0;0
176;-56;0;0
176;-52;0;0
176;-48;0;0
176;-44;0;0
176;-40;0;0
176;-36;0;0
176;-32;0;0
176;-28;0;0
176;-24;0;0
176;-20;0;0
176;-16;0;0
176;-12;0;0
176;-7.99999999999999;0;0
176;-3.99999999999999;0;0
176;1.38777878078145E-14;0;0
176;3.99999999999999;0;0
176;7.99999999999999;0;0
176;12;0;0
176;16;0;0
176;20;0;0
176;24;0;0
176;28;0;0
176;32;0;0
176;36;0;0
176;40;0;0
176;44;0;0
176;48;0;0
176;52;0;0
176;56;0;0
176;60;0;0
176;64;0;0
176;68;0;0
176;72;0;0
176;76;0;0
176;80;0;0
176;84;0;0
176;88;0;0
176;92;0;0
176;96;0;0
180;-96;0;0
180;-92;0;0
180;-88;0;0
180;-84;0;0
180;-80;0;0
180;-76;0;0
180;-72;0;0
180;-68;0;0
180;-64;0;0
180;-60;0;0
180;-56;0;0
180;-52;0;0
180;-48;0;0
180;-44;0;0
180;-40;0;0
180;-36;0;0
180;-32;0;0
180;-28;0;0
180;-24;0;0
180;-20;0;0
180;-16;0;0
180;-12;0;0
180;-7.99999999999999;0;0
180;-3.99999999999999;0;0
180;1.38777878078145E-14;0;0
180;3.99999999999999;0;0
180;7.99999999999999;0;0
180;12;0;0
180;16;0;0
180;20;0;0
180;24;0;0
180;28;0;0
180;32;0;0
180;36;0;0
180;40;0;0
180;44;0;0
180;48;0;0
180;52;0;0
180;56;0;0
180;60;0;0
180;64;0;0
180;68;0;0
180;72;0;0
180;76;0;0
180;80;0;0
180;84;0;0
180;88;0;0
180;92;0;0
180;96;0;0
184;-96;0;0
184;-92;0;0
184;-88;0;0
184;-84;0;0
184;-80;0;0
184;-76;0;0
184;-72;0;0
184;-68;0;0
184;-64;0;0
184;-60;0;0
184;-56;0;0
184;-52;0;0
184;-48;0;0
184;-44;0;0
184;-40;0;0
184;-36;0;0
184;-32;0;0
184;-28;0;0
184;-24;0;0
184;-20;0;0
184;-16;0;0
184;-12;0;0
184;-7.99999999999999;0;0
184;-3.99999999999999;0;0
184;1.38777878078145E-14;0;0
184;3.99999999999999;0;0
184;7.99999999999999;0;0
184;12;0;0
184;16;0;0
184;20;0;0
184;24;0;0
184;28;0;0
184;32;0;0
184;36;0;0
184;40;0;0
184;44;0;0
184;48;0;0
184;52;0;0
184;56;0;0
184;60;0;0
184;64;0;0
184;68;0;0
184;72;0;0
184;76;0;0
184;80;0;0
184;84;0;0
184;88;0;0
184;92;0;0
184;96;0;0
188;-96;0;0
188;-92;0;0
188;-88;0;0
188;-84;0;0
188;-80;0;0
188;-76;0;0
188;-72;0;0
188;-68;0;0
188;-64;0;0
188;-60;0;0
188;-56;0;0
188;-52;0;0
188;-48;0;0
188;-44;0;0
188;-40;0;0
188;-36;0;0
188;-32;0;0
188;-28;0;0
188;-24;0;0
188;-20;0;0
188;-16;0;0
188;-12;0;0
188;-7.99999999999999;0;0
188;-3.99999999999999;0;0
188;1.38777878078145E-14;0;0
188;3.99999999999999;0;0
188;7.99999999999999;0;0
188;12;0;0
188;16;0;0
188;20;0;0
188;24;0;0
188;28;0;0
188;32;0;0
188;36;0;0
188;40;0;0
188;44;0;0
188;48;0;0
188;52;0;0
188;56;0;0
188;60;0;0
188;64;0;0
188;68;0;0
188;72;0;0
188;76;0;0
188;80;0;0
188;84;0;0
188;88;0;0
188;92;0;0
188;96;0;0
192;-96;0;0
192;-92;0;0
192;-88;0;0
192;-84;0;0
192;-80;0;0
192;-76;0;0
192;-72;0;0
192;-68;0;0
192;-64;0;0
192;-60;0;0
192;-56;0;0
192;-52;0;0
192;-48;0;0
192;-44;0;0
192;-40;0;0
192;-36;0;0
192;-32;0;0
192;-28;0;0
192;-24;0;0
192;-20;0;0
192;-16;0;0
192;-12;0;0
192;-7.99999999999999;0;0
192;-3.99999999999999;0;0
192;1.38777878078145E-14;0;0
192;3.99999999999999;0;0
192;7.99999999999999;0;0
192;12;0;0
192;16;0;0
192;20;0;0
192;24;0;0
192;28;0;0
192;32;0;0
192;36;0;0
192;40;0;0
192;44;0;0
192;48;0;0
192;52;0;0
192;56;0;0
192;60;0;0
192;64;0;0
192;68;0;0
192;72;0;0
192;76;0;0
192;80;0;0
192;84;0;0
192;88;0;0
192;92;0;0
192;96;0;0
196;-96;0;0
196;-92;0;0
196;-88;0;0
196;-84;0;0
196;-80;0;0
196;-76;0;0
196;-72;0;0
196;-68;0;0
196;-64;0;0
196;-60;0;0
196;-56;0;0
196;-52;0;0
196;-48;0;0
196;-44;0;0
196;-40;0;0
196;-36;0;0
196;-32;0;0
196;-28;0;0
196;-24;0;0
196;-20;0;0
196;-16;0;0
196;-12;0;0
196;-7.99999999999999;0;0
196;-3.99999999999999;0;0
196;1.38777878078145E-14;0;0
196;3.99999999999999;0;0
196;7.99999999999999;0;0
196;12;0;0
196;16;0;0
196;20;0;0
196;24;0;0
196;28;0;0
196;32;0;0
196;36;0;0
196;40;0;0
196;44;0;0
196;48;0;0
196;52;0;0
196;56;0;0
196;60;0;0
196;64;0;0
196;68;0;0
196;72;0;0
196;76;0;0
196;80;0;0
196;84;0;0
196;88;0;0
196;92;0;0
196;96;0;0
200;-96;0;0
200;-92;0;0
200;-88;0;0
200;-84;0;0
200;-80;0;0
200;-76;0;0
200;-72;0;0
200;-68;0;0
200;-64;0;0
200;-60;0;0
200;-56;0;0
200;-52;0;0
200;-48;0;0
200;-44;0;0
200;-40;0;0
200;-36;0;0
200;-32;0;0
200;-28;0;0
200;-24;0;0
200;-20;0;0
200;-16;0;0
200;-12;0;0
200;-7.99999999999999;0;0
200;-3.99999999999999;0;0
200;1.38777878078145E-14;0;0
200;3.99999999999999;0;0
200;7.99999999999999;0;0
200;12;0;0
200;16;0;0
200;20;0;0
200;24;0;0
200;28;0;0
200;32;0;0
200;36;0;0
200;40;0;0
200;44;0;0
200;48;0;0
200;52;0;0
200;56;0;0
200;60;0;0
200;64;0;0
200;68;0;0
200;72;0;0
200;76;0;0
200;80;0;0
200;84;0;0
200;88;0;0
200;92;0;0
200;96;0;0
204;-96;0;0
204;-92;0;0
204;-88;0;0
204;-84;0;0
204;-80;0;0
204;-76;0;0
204;-72;0;0
204;-68;0;0
204;-64;0;0
204;-60;0;0
204;-56;0;0
204;-52;0;0
204;-48;0;0
204;-44;0;0
204;-40;0;0
204;-36;0;0
204;-32;0;0
204;-28;0;0
204;-24;0;0
204;-20;0;0
204;-16;0;0
204;-12;0;0
204;-7.99999999999999;0;0
204;-3.99999999999999;0;0
204;1.38777878078145E-14;0;0
204;3.99999999999999;0;0
204;7.99999999999999;0;0
204;12;0;0
204;16;0;0
204;20;0;0
204;24;0;0
204;28;0;0
204;32;0;0
204;36;0;0
204;40;0;0
204;44;0;0
204;48;0;0
204;52;0;0
204;56;0;0
204;60;0;0
204;64;0;0
204;68;0;0
204;72;0;0
204;76;0;0
204;80;0;0
204;84;0;0
204;88;0;0
204;92;0;0
204;96;0;0
208;-96;0;0
208;-92;0;0
208;-88;0;0
208;-84;0;0
208;-80;0;0
208;-76;0;0
208;-72;0;0
208;-68;0;0
208;-64;0;0
208;-60;0;0
208;-56;0;0
208;-52;0;0
208;-48;0;0
208;-44;0;0
208;-40;0;0
208;-36;0;0
208;-32;0;0
208;-28;0;0
208;-24;0;0
208;-20;0;0
208;-16;0;0
208;-12;0;0
208;-7.99999999999999;0;0
208;-3.99999999999999;0;0
208;1.38777878078145E-14;0;0
208;3.99999999999999;0;0
208;7.99999999999999;0;0
208;12;0;0
208;16;0;0
208;20;0;0
208;24;0;0
208;28;0;0
208;32;0;0
208;36;0;0
208;40;0;0
208;44;0;0
208;48;0;0
208;52;0;0
208;56;0;0
208;60;0;0
208;64;0;0
208;68;0;0
208;72;0;0
208;76;0;0
208;80;0;0
208;84;0;0
208;88;0;0
208;92;0;0
208;96;0;0
212;-96;0;0
212;-92;0;0
212;-88;0;0
212;-84;0;0
212;-80;0;0
212;-76;0;0
212;-72;0;0
212;-68;0;0
212;-64;0;0
212;-60;0;0
212;-56;0;0
212;-52;0;0
212;-48;0;0
212;-44;0;0
212;-40;0;0
212;-36;0;0
212;-32;0;0
212;-28;0;0
212;-24;0;0
212;-20;0;0
212;-16;0;0
212;-12;0;0
212;-7.99999999999999;0;0
212;-3.99999999999999;0;0
212;1.38777878078145E-14;0;0
212;3.99999999999999;0;0
212;7.99999999999999;0;0
212;12;0;0
212;16;0;0
212;20;0;0
212;24;0;0
212;28;0;0
212;32;0;0
212;36;0;0
212;40;0;0
212;44;0;0
212;48;0;0
212;52;0;0
212;56;0;0
212;60;0;0
212;64;0;0
212;68;0;0
212;72;0;0
212;76;0;0
212;80;0;0
212;84;0;0
212;88;0;0
212;92;0;0
212;96;0;0
216;-96;0;0
216;-92;0;0
216;-88;0;0
216;-84;0;0
216;-80;0;0
216;-76;0;0
216;-72;0;0
216;-68;0;0
216;-64;0;0
216;-60;0;0
216;-56;0;0
216;-52;0;0
216;-48;0;0
216;-44;0;0
216;-40;0;0
216;-36;0;0
216;-32;0;0
216;-28;0;0
216;-24;0;0
216;-20;0;0
216;-16;0;0
216;-12;0;0
216;-7.99999999999999;0;0
216;-3.99999999999999;0;0
216;1.38777878078145E-14;0;0
216;3.99999999999999;0;0
216;7.99999999999999;0;0
216;12;0;0
216;16;0;0
216;20;0;0
216;24;0;0
216;28;0;0
216;32;0;0
216;36;0;0
216;40;0;0
216;44;0;0
216;48;0;0
216;52;0;0
216;56;0;0
216;60;0;0
216;64;0;0
216;68;0;0
216;72;0;0
216;76;0;0
216;80;0;0
216;84;0;0
216;88;0;0
216;92;0;0
216;96;0;0
220;-96;0;0
220;-92;0;0
220;-88;0;0
220;-84;0;0
220;-80;0;0
220;-76;0;0
220;-72;0;0
220;-68;0;0
220;-64;0;0
220;-60;0;0
220;-56;0;0
220;-52;0;0
220;-48;0;0
220;-44;0;0
220;-40;0;0
220;-36;0;0
220;-32;0;0
220;-28;0;0
220;-24;0;0
220;-20;0;0
220;-16;0;0
220;-12;0;0
220;-7.99999999999999;0;0
220;-3.99999999999999;0;0
220;1.38777878078145E-14;0;0
220;3.99999999999999;0;0
220;7.99999999999999;0;0
220;12;0;0
220;16;0;0
220;20;0;0
220;24;0;0
220;28;0;0
220;32;0;0
220;36;0;0
220;40;0;0
220;44;0;0
220;48;0;0
220;52;0;0
220;56;0;0
220;60;0;0
220;64;0;0
220;68;0;0
220;72;0;0
220;76;0;0
220;80;0;0
220;84;0;0
220;88;0;0
220;92;0;0
220;96;0;0
224;-96;0;0
224;-92;0;0
224;-88;0;0
224;-84;0;0
224;-80;0;0
224;-76;0;0
224;-72;0;0
224;-68;0;0
224;-64;0;0
224;-60;0;0
224;-56;0;0
224;-52;0;0
224;-48;0;0
224;-44;0;0
224;-40;0;0
224;-36;0;0
224;-32;0;0
224;-28;0;0
224;-24;0;0
224;-20;0;0
224;-16;0;0
224;-12;0;0
224;-7.99999999999999;0;0
224;-3.99999999999999;0;0
224;1.38777878078145E-14;0;0
224;3.99999999999999;0;0
224;7.99999999999999;0;0
224;12;0;0
224;16;0;0
224;20;0;0
224;24;0;0
224;28;0;0
224;32;0;0
224;36;0;0
224;40;0;0
224;44;0;0
224;48;0;0
224;52;0;0
224;56;0;0
224;60;0;0
224;64;0;0
224;68;0;0
224;72;0;0
224;76;0;0
224;80;0;0
224;84;0;0
224;88;0;0
224;92;0;0
224;96;0;0
228;-96;0;0
228;-92;0;0
228;-88;0;0
228;-84;0;0
228;-80;0;0
228;-76;0;0
228;-72;0;0
228;-68;0;0
228;-64;0;0
228;-60;0;0
228;-56;0;0
228;-52;0;0
228;-48;0;0
228;-44;0;0
228;-40;0;0
228;-36;0;0
228;-32;0;0
228;-28;0;0
228;-24;0;0
228;-20;0;0
228;-16;0;0
228;-12;0;0
228;-7.99999999999999;0;0
228;-3.99999999999999;0;0
228;1.38777878078145E-14;0;0
228;3.99999999999999;0;0
228;7.99999999999999;0;0
228;12;0;0
228;16;0;0
228;20;0;0
228;24;0;0
228;28;0;0
228;32;0;0
228;36;0;0
228;40;0;0
228;44;0;0
228;48;0;0
228;52;0;0
228;56;0;0
228;60;0;0
228;64;0;0
228;68;0;0
228;72;0;0
228;76;0;0
228;80;0;0
228;84;0;0
228;88;0;0
228;92;0;0
228;96;0;0
232;-96;0;0
232;-92;0;0
232;-88;0;0
232;-84;0;0
232;-80;0;0
232;-76;0;0
232;-72;0;0
232;-68;0;0
232;-64;0;0
232;-60;0;0
232;-56;0;0
232;-52;0;0
232;-48;0;0
232;-44;0;0
232;-40;0;0
232;-36;0;0
232;-32;0;0
232;-28;0;0
232;-24;0;0
232;-20;0;0
232;-16;0;0
232;-12;0;0
232;-7.99999999999999;0;0
232;-3.99999999999999;0;0
232;1.38777878078145E-14;0;0
232;3.99999999999999;0;0
232;7.99999999999999;0;0
232;12;0;0
232;16;0;0
232;20;0;0
232;24;0;0
232;28;0;0
232;32;0;0
232;36;0;0
232;40;0;0
232;44;0;0
232;48;0;0
232;52;0;0
232;56;0;0
232;60;0;0
232;64;0;0
232;68;0;0
232;72;0;0
232;76;0;0
232;80;0;0
232;84;0;0
232;88;0;0
232;92;0;0
232;96;0;0
236;-96;0;0
236;-92;0;0
236;-88;0;0
236;-84;0;0
236;-80;0;0
236;-76;0;0
236;-72;0;0
236;-68;0;0
236;-64;0;0
236;-60;0;0
236;-56;0;0
236;-52;0;0
236;-48;0;0
236;-44;0;0
236;-40;0;0
236;-36;0;0
236;-32;0;0
236;-28;0;0
236;-24;0;0
236;-20;0;0
236;-16;0;0
236;-12;0;0
236;-7.99999999999999;0;0
236;-3.99999999999999;0;0
236;1.38777878078145E-14;0;0
236;3.99999999999999;0;0
236;7.99999999999999;0;0
236;12;0;0
236;16;0;0
236;20;0;0
236;24;0;0
236;28;0;0
236;32;0;0
236;36;0;0
236;40;0;0
236;44;0;0
236;48;0;0
236;52;0;0
236;56;0;0
236;60;0;0
236;64;0;0
236;68;0;0
236;72;0;0
236;76;0;0
236;80;0;0
236;84;0;0
236;88;0;0
236;92;0;0
236;96;0;0
240;-96;0;0
240;-92;0;0
240;-88;0;0
240;-84;0;0
240;-80;0;0
240;-76;0;0
240;-72;0;0
240;-68;0;0
240;-64;0;0
240;-60;0;0
240;-56;0;0
240;-52;0;0
240;-48;0;0
240;-44;0;0
240;-40;0;0
240;-36;0;0
240;-32;0;0
240;-28;0;0
240;-24;0;0
240;-20;0;0
240;-16;0;0
240;-12;0;0
240;-7.99999999999999;0;0
240;-3.99999999999999;0;0
240;1.38777878078145E-14;0;0
240;3.99999999999999;0;0
240;7.99999999999999;0;0
240;12;0;0
240;16;0;0
240;20;0;0
240;24;0;0
240;28;0;0
240;32;0;0
240;36;0;0
240;40;0;0
240;44;0;0
240;48;0;0
240;52;0;0
240;56;0;0
240;60;0;0
240;64;0;0
240;68;0;0
240;72;0;0
240;76;0;0
240;80;0;0
240;84;0;0
240;88;0;0
240;92;0;0
240;96;0;0
244;-96;0;0
244;-92;0;0
244;-88;0;0
244;-84;0;0
244;-80;0;0
244;-76;0;0
244;-72;0;0
244;-68;0;0
244;-64;0;0
244;-60;0;0
244;-56;0;0
244;-52;0;0
244;-48;0;0
244;-44;0;0
244;-40;0;0
244;-36;0;0
244;-32;0;0
244;-28;0;0
244;-24;0;0
244;-20;0;0
244;-16;0;0
244;-12;0;0
244;-7.99999999999999;0;0
244;-3.99999999999999;0;0
244;1.38777878078145E-14;0;0
244;3.99999999999999;0;0
244;7.99999999999999;0;0
244;12;0;0
244;16;0;0
244;20;0;0
244;24;0;0
244;28;0;0
244;32;0;0
244;36;0;0
244;40;0;0
244;44;0;0
244;48;0;0
244;52;0;0
244;56;0;0
244;60;0;0
244;64;0;0
244;68;0;0
244;72;0;0
244;76;0;0
244;80;0;0
244;84;0;0
244;88;0;0
244;92;0;0
244;96;0;0
248;-96;0;0
248;-92;0;0
248;-88;0;0
248;-84;0;0
248;-80;0;0
248;-76;0;0
248;-72;0;0
248;-68;0;0
248;-64;0;0
248;-60;0;0
248;-56;0;0
248;-52;0;0
248;-48;0;0
248;-44;0;0
248;-40;0;0
248;-36;0;0
248;-32;0;0
248;-28;0;0
248;-24;0;0
248;-20;0;0
248;-16;0;0
248;-12;0;0
248;-7.99999999999999;0;0
248;-3.99999999999999;0;0
248;1.38777878078145E-14;0;0
248;3.99999999999999;0;0
248;7.99999999999999;0;0
248;12;0;0
248;16;0;0
248;20;0;0
248;24;0;0
248;28;0;0
248;32;0;0
248;36;0;0
248;40;0;0
248;44;0;0
248;48;0;0
248;52;0;0
248;56;0;0
248;60;0;0
248;64;0;0
248;68;0;0
248;72;0;0
248;76;0;0
248;80;0;0
248;84;0;0
248;88;0;0
248;92;0;0
248;96;0;0
252;-96;0;0
252;-92;0;0
252;-88;0;0
252;-84;0;0
252;-80;0;0
252;-76;0;0
252;-72;0;0
252;-68;0;0
252;-64;0;0
252;-60;0;0
252;-56;0;0
252;-52;0;0
252;-48;0;0
252;-44;0;0
252;-40;0;0
252;-36;0;0
252;-32;0;0
252;-28;0;0
252;-24;0;0
252;-20;0;0
252;-16;0;0
252;-12;0;0
252;-7.99999999999999;0;0
252;-3.99999999999999;0;0
252;1.38777878078145E-14;0;0
252;3.99999999999999;0;0
252;7.99999999999999;0;0
252;12;0;0
252;16;0;0
252;20;0;0
252;24;0;0
252;28;0;0
252;32;0;0
252;36;0;0
252;40;0;0
252;44;0;0
252;48;0;0
252;52;0;0
252;56;0;0
252;60;0;0
252;64;0;0
252;68;0;0
252;72;0;0
252;76;0;0
252;80;0;0
252;84;0;0
252;88;0;0
252;92;0;0
252;96;0;0
256;-96;0;0
256;-92;0;0
256;-88;0;0
256;-84;0;0
256;-80;0;0
256;-76;0;0
256;-72;0;0
256;-68;0;0
256;-64;0;0
256;-60;0;0
256;-56;0;0
256;-52;0;0
256;-48;0;0
256;-44;0;0
256;-40;0;0
256;-36;0;0
256;-32;0;0
256;-28;0;0
256;-24;0;0
256;-20;0;0
256;-16;0;0
256;-12;0;0
256;-7.99999999999999;0;0
256;-3.99999999999999;0;0
256;1.38777878078145E-14;0;0
256;3.99999999999999;0;0
256;7.99999999999999;0;0
256;12;0;0
256;16;0;0
256;20;0;0
256;24;0;0
256;28;0;0
256;32;0;0
256;36;0;0
256;40;0;0
256;44;0;0
256;48;0;0
256;52;0;0
256;56;0;0
256;60;0;0
256;64;0;0
256;68;0;0
256;72;0;0
256;76;0;0
256;80;0;0
256;84;0;0
256;88;0;0
256;92;0;0
256;96;0;0
260;-96;0;0
260;-92;0;0
260;-88;0;0
260;-84;0;0
260;-80;0;0
260;-76;0;0
260;-72;0;0
260;-68;0;0
260;-64;0;0
260;-60;0;0
260;-56;0;0
260;-52;0;0
260;-48;0;0
260;-44;0;0
260;-40;0;0
260;-36;0;0
260;-32;0;0
260;-28;0;0
260;-24;0;0
260;-20;0;0
260;-16;0;0
260;-12;0;0
260;-7.99999999999999;0;0
260;-3.99999999999999;0;0
260;1.38777878078145E-14;0;0
260;3.99999999999999;0;0
260;7.99999999999999;0;0
260;12;0;0
260;16;0;0
260;20;0;0
260;24;0;0
260;28;0;0
260;32;0;0
260;36;0;0
260;40;0;0
260;44;0;0
260;48;0;0
260;52;0;0
260;56;0;0
260;60;0;0
260;64;0;0
260;68;0;0
260;72;0;0
260;76;0;0
260;80;0;0
260;84;0;0
260;88;0;0
260;92;0;0
260;96;0;0
264;-96;0;0
264;-92;0;0
264;-88;0;0
264;-84;0;0
264;-80;0;0
264;-76;0;0
264;-72;0;0
264;-68;0;0
264;-64;0;0
264;-60;0;0
264;-56;0;0
264;-52;0;0
264;-48;0;0
264;-44;0;0
264;-40;0;0
264;-36;0;0
264;-32;0;0
264;-28;0;0
264;-24;0;0
264;-20;0;0
264;-16;0;0
264;-12;0;0
264;-7.99999999999999;0;0
264;-3.99999999999999;0;0
264;1.38777878078145E-14;0;0
264;3.99999999999999;0;0
264;7.99999999999999;0;0
264;12;0;0
264;16;0;0
264;20;0;0
264;24;0;0
264;28;0;0
264;32;0;0
264;36;0;0
264;40;0;0
264;44;0;0
264;48;0;0
264;52;0;0
264;56;0;0
264;60;0;0
264;64;0;0
264;68;0;0
264;72;0;0
264;76;0;0
264;80;0;0
264;84;0;0
264;88;0;0
264;92;0;0
264;96;0;0
268;-96;0;0
268;-92;0;0
268;-88;0;0
268;-84;0;0
268;-80;0;0
268;-76;0;0
268;-72;0;0
268;-68;0;0
268;-64;0;0
268;-60;0;0
268;-56;0;0
268;-52;0;0
268;-48;0;0
268;-44;0;0
268;-40;0;0
268;-36;0;0
268;-32;0;0
268;-28;0;0
268;-24;0;0
268;-20;0;0
268;-16;0;0
268;-12;0;0
268;-7.99999999999999;0;0
268;-3.99999999999999;0;0
268;1.38777878078145E-14;0;0
268;3.99999999999999;0;0
268;7.99999999999999;0;0
268;12;0;0
268;16;0;0
268;20;0;0
268;24;0;0
268;28;0;0
268;32;0;0
268;36;0;0
268;40;0;0
268;44;0;0
268;48;0;0
268;52;0;0
268;56;0;0
268;60;0;0
268;64;0;0
268;68;0;0
268;72;0;0
268;76;0;0
268;80;0;0
268;84;0;0
268;88;0;0
268;92;0;0
268;96;0;0
272;-96;0;0
272;-92;0;0
272;-88;0;0
272;-84;0;0
272;-80;0;0
272;-76;0;0
272;-72;0;0
272;-68;0;0
272;-64;0;0
272;-60;0;0
272;-56;0;0
272;-52;0;0
272;-48;0;0
272;-44;0;0
272;-40;0;0
272;-36;0;0
272;-32;0;0
272;-28;0;0
272;-24;0;0
272;-20;0;0
272;-16;0;0
272;-12;0;0
272;-7.99999999999999;0;0
272;-3.99999999999999;0;0
272;1.38777878078145E-14;0;0
272;3.99999999999999;0;0
272;7.99999999999999;0;0
272;12;0;0
272;16;0;0
272;20;0;0
272;24;0;0
272;28;0;0
272;32;0;0
272;36;0;0
272;40;0;0
272;44;0;0
272;48;0;0
272;52;0;0
272;56;0;0
272;60;0;0
272;64;0;0
272;68;0;0
272;72;0;0
272;76;0;0
272;80;0;0
272;84;0;0
272;88;0;0
272;92;0;0
272;96;0;0
276;-96;0;0
276;-92;0;0
276;-88;0;0
276;-84;0;0
276;-80;0;0
276;-76;0;0
276;-72;0;0
276;-68;0;0
276;-64;0;0
276;-60;0;0
276;-56;0;0
276;-52;0;0
276;-48;0;0
276;-44;0;0
276;-40;0;0
276;-36;0;0
276;-32;0;0
276;-28;0;0
276;-24;0;0
276;-20;0;0
276;-16;0;0
276;-12;0;0
276;-7.99999999999999;0;0
276;-3.99999999999999;0;0
276;1.38777878078145E-14;0;0
276;3.99999999999999;0;0
276;7.99999999999999;0;0
276;12;0;0
276;16;0;0
276;20;0;0
276;24;0;0
276;28;0;0
276;32;0;0
276;36;0;0
276;40;0;0
276;44;0;0
276;48;0;0
276;52;0;0
276;56;0;0
276;60;0;0
276;64;0;0
276;68;0;0
276;72;0;0
276;76;0;0
276;80;0;0
276;84;0;0
276;88;0;0
276;92;0;0
276;96;0;0
280;-96;0;0
280;-92;0;0
280;-88;0;0
280;-84;0;0
280;-80;0;0
280;-76;0;0
280;-72;0;0
280;-68;0;0
280;-64;0;0
280;-60;0;0
280;-56;0;0
280;-52;0;0
280;-48;0;0
280;-44;0;0
280;-40;0;0
280;-36;0;0
280;-32;0;0
280;-28;0;0
280;-24;0;0
280;-20;0;0
280;-16;0;0
280;-12;0;0
280;-7.99999999999999;0;0
280;-3.99999999999999;0;0
280;1.38777878078145E-14;0;0
280;3.99999999999999;0;0
280;7.99999999999999;0;0
280;12;0;0
280;16;0;0
280;20;0;0
280;24;0;0
280;28;0;0
280;32;0;0
280;36;0;0
280;40;0;0
280;44;0;0
280;48;0;0
280;52;0;0
280;56;0;0
280;60;0;0
280;64;0;0
280;68;0;0
280;72;0;0
280;76;0;0
280;80;0;0
280;84;0;0
280;88;0;0
280;92;0;0
280;96;0;0
284;-96;0;0
284;-92;0;0
284;-88;0;0
284;-84;0;0
284;-80;0;0
284;-76;0;0
284;-72;0;0
284;-68;0;0
284;-64;0;0
284;-60;0;0
284;-56;0;0
284;-52;0;0
284;-48;0;0
284;-44;0;0
284;-40;0;0
284;-36;0;0
284;-32;0;0
284;-28;0;0
284;-24;0;0
284;-20;0;0
284;-16;0;0
284;-12;0;0
284;-7.99999999999999;0;0
284;-3.99999999999999;0;0
284;1.38777878078145E-14;0;0
284;3.99999999999999;0;0
284;7.99999999999999;0;0
284;12;0;0
284;16;0;0
284;20;0;0
284;24;0;0
284;28;0;0
284;32;0;0
284;36;0;0
284;40;0;0
284;44;0;0
284;48;0;0
284;52;0;0
284;56;0;0
284;60;0;0
284;64;0;0
284;68;0;0
284;72;0;0
284;76;0;0
284;80;0;0
284;84;0;0
284;88;0;0
284;92;0;0
284;96;0;0
288;-96;0;0
288;-92;0;0
288;-88;0;0
288;-84;0;0
288;-80;0;0
288;-76;0;0
288;-72;0;0
288;-68;0;0
288;-64;0;0
288;-60;0;0
288;-56;0;0
288;-52;0;0
288;-48;0;0
288;-44;0;0
288;-40;0;0
288;-36;0;0
288;-32;0;0
288;-28;0;0
288;-24;0;0
288;-20;0;0
288;-16;0;0
288;-12;0;0
288;-7.99999999999999;0;0
288;-3.99999999999999;0;0
288;1.38777878078145E-14;0;0
288;3.99999999999999;0;0
288;7.99999999999999;0;0
288;12;0;0
288;16;0;0
288;20;0;0
288;24;0;0
288;28;0;0
288;32;0;0
288;36;0;0
288;40;0;0
288;44;0;0
288;48;0;0
288;52;0;0
288;56;0;0
288;60;0;0
288;64;0;0
288;68;0;0
288;72;0;0
288;76;0;0
288;80;0;0
288;84;0;0
288;88;0;0
288;92;0;0
288;96;0;0
